{"Tcfap2a_1": [{"A": 0.2213, "C": 0.3328, "G": 0.1066, "T": 0.3393}, {"A": 0.1161, "C": 0.1955, "G": 0.6565, "T": 0.0319}, {"A": 0.017, "C": 0.9662, "G": 0.0081, "T": 0.0087}, {"A": 0.0082, "C": 0.8713, "G": 0.0081, "T": 0.1124}, {"A": 0.0525, "C": 0.3735, "G": 0.1931, "T": 0.3809}, {"A": 0.1363, "C": 0.3334, "G": 0.327, "T": 0.2033}, {"A": 0.4247, "C": 0.2483, "G": 0.2298, "T": 0.0971}, {"A": 0.3, "C": 0.0317, "G": 0.639, "T": 0.0292}, {"A": 0.0611, "C": 0.0082, "G": 0.9216, "T": 0.0091}, {"A": 0.1, "C": 0.3464, "G": 0.4297, "T": 0.1239}], "Tcfap2b_2": [{"A": 0.1659, "C": 0.1334, "G": 0.1127, "T": 0.588}, {"A": 0.2049, "C": 0.346, "G": 0.2461, "T": 0.2029}, {"A": 0.009, "C": 0.3289, "G": 0.6544, "T": 0.0078}, {"A": 0.0078, "C": 0.9767, "G": 0.0078, "T": 0.0078}, {"A": 0.008, "C": 0.9265, "G": 0.0078, "T": 0.0578}, {"A": 0.0272, "C": 0.2853, "G": 0.1586, "T": 0.5289}, {"A": 0.111, "C": 0.3904, "G": 0.3866, "T": 0.112}, {"A": 0.5555, "C": 0.1795, "G": 0.235, "T": 0.0301}, {"A": 0.1053, "C": 0.0078, "G": 0.8791, "T": 0.0078}, {"A": 0.0079, "C": 0.0078, "G": 0.9766, "T": 0.0078}], "Tcfap2c_3": [{"A": 0.1964, "C": 0.3954, "G": 0.1532, "T": 0.2549}, {"A": 0.0946, "C": 0.3232, "G": 0.5175, "T": 0.0648}, {"A": 0.0078, "C": 0.967, "G": 0.008, "T": 0.0172}, {"A": 0.009, "C": 0.7962, "G": 0.0197, "T": 0.1751}, {"A": 0.0762, "C": 0.4434, "G": 0.2263, "T": 0.2541}, {"A": 0.1184, "C": 0.2718, "G": 0.4387, "T": 0.1711}, {"A": 0.5763, "C": 0.1842, "G": 0.1642, "T": 0.0753}, {"A": 0.2008, "C": 0.0096, "G": 0.7749, "T": 0.0147}, {"A": 0.0265, "C": 0.008, "G": 0.9532, "T": 0.0123}, {"A": 0.0676, "C": 0.5013, "G": 0.3041, "T": 0.127}], "Tcfap2e_4": [{"A": 0.2144, "C": 0.1786, "G": 0.1395, "T": 0.4676}, {"A": 0.223, "C": 0.3194, "G": 0.1383, "T": 0.3194}, {"A": 0.0124, "C": 0.215, "G": 0.7382, "T": 0.0344}, {"A": 0.0082, "C": 0.939, "G": 0.0079, "T": 0.045}, {"A": 0.008, "C": 0.9164, "G": 0.0079, "T": 0.0676}, {"A": 0.009, "C": 0.3254, "G": 0.1395, "T": 0.5262}, {"A": 0.1268, "C": 0.3125, "G": 0.3874, "T": 0.1733}, {"A": 0.4486, "C": 0.2546, "G": 0.2311, "T": 0.0657}, {"A": 0.1226, "C": 0.0088, "G": 0.823, "T": 0.0456}, {"A": 0.0105, "C": 0.0094, "G": 0.936, "T": 0.0441}], "Tcfap2d_5": [{"A": 0.6613, "C": 0.0528, "G": 0.2331, "T": 0.0528}, {"A": 0.0078, "C": 0.7965, "G": 0.188, "T": 0.0078}, {"A": 0.0078, "C": 0.188, "G": 0.7965, "T": 0.0078}, {"A": 0.188, "C": 0.3908, "G": 0.2331, "T": 0.188}, {"A": 0.0078, "C": 0.188, "G": 0.7965, "T": 0.0078}, {"A": 0.0078, "C": 0.9767, "G": 0.0078, "T": 0.0078}, {"A": 0.0078, "C": 0.9767, "G": 0.0078, "T": 0.0078}, {"A": 0.0078, "C": 0.3683, "G": 0.2331, "T": 0.3908}, {"A": 0.0078, "C": 0.9767, "G": 0.0078, "T": 0.0078}, {"A": 0.3908, "C": 0.0078, "G": 0.5937, "T": 0.0078}, {"A": 0.0078, "C": 0.0078, "G": 0.9767, "T": 0.0078}, {"A": 0.188, "C": 0.188, "G": 0.6162, "T": 0.0078}, {"A": 0.0078, "C": 0.9767, "G": 0.0078, "T": 0.0078}, {"A": 0.0528, "C": 0.2331, "G": 0.481, "T": 0.2331}], "Arid3b_6": [{"A": 0.4612, "C": 0.1796, "G": 0.1796, "T": 0.1796}, {"A": 0.2727, "C": 0.0853, "G": 0.0853, "T": 0.5566}, {"A": 0.598, "C": 0.1232, "G": 0.0405, "T": 0.2383}, {"A": 0.109, "C": 0.0079, "G": 0.0079, "T": 0.8753}, {"A": 0.0079, "C": 0.0079, "G": 0.0079, "T": 0.9763}, {"A": 0.9763, "C": 0.0079, "G": 0.0079, "T": 0.0079}, {"A": 0.8904, "C": 0.0079, "G": 0.0079, "T": 0.0938}, {"A": 0.0938, "C": 0.0079, "G": 0.0079, "T": 0.8904}, {"A": 0.2614, "C": 0.1704, "G": 0.0783, "T": 0.4899}, {"A": 0.4823, "C": 0.1726, "G": 0.1726, "T": 0.1726}, {"A": 0.3477, "C": 0.2174, "G": 0.2174, "T": 0.2174}], "Arid3a_7": [{"A": 0.2861, "C": 0.1405, "G": 0.2119, "T": 0.3615}, {"A": 0.2208, "C": 0.1491, "G": 0.0823, "T": 0.5477}, {"A": 0.1229, "C": 0.0819, "G": 0.0769, "T": 0.7183}, {"A": 0.0762, "C": 0.0873, "G": 0.0661, "T": 0.7703}, {"A": 0.4041, "C": 0.0459, "G": 0.3043, "T": 0.2457}, {"A": 0.9425, "C": 0.0197, "G": 0.0206, "T": 0.0172}, {"A": 0.0086, "C": 0.0246, "G": 0.0086, "T": 0.9582}, {"A": 0.3203, "C": 0.2393, "G": 0.0973, "T": 0.343}, {"A": 0.2994, "C": 0.2304, "G": 0.2013, "T": 0.269}], "Arid5b_8": [{"A": 0.2124, "C": 0.3011, "G": 0.1911, "T": 0.2953}, {"A": 0.2283, "C": 0.2467, "G": 0.3176, "T": 0.2073}, {"A": 0.4101, "C": 0.0906, "G": 0.3088, "T": 0.1904}, {"A": 0.2529, "C": 0.132, "G": 0.0831, "T": 0.532}, {"A": 0.8432, "C": 0.0238, "G": 0.068, "T": 0.065}, {"A": 0.1002, "C": 0.0093, "G": 0.0729, "T": 0.8175}, {"A": 0.2057, "C": 0.2309, "G": 0.0736, "T": 0.4898}, {"A": 0.2786, "C": 0.2006, "G": 0.3042, "T": 0.2166}], "Arid5a_9": [{"A": 0.2271, "C": 0.2271, "G": 0.3186, "T": 0.2271}, {"A": 0.3647, "C": 0.1792, "G": 0.2769, "T": 0.1792}, {"A": 0.2568, "C": 0.1527, "G": 0.0573, "T": 0.5332}, {"A": 0.8822, "C": 0.0079, "G": 0.102, "T": 0.0079}, {"A": 0.9763, "C": 0.0079, "G": 0.0079, "T": 0.0079}, {"A": 0.0079, "C": 0.0079, "G": 0.0079, "T": 0.9763}, {"A": 0.9763, "C": 0.0079, "G": 0.0079, "T": 0.0079}, {"A": 0.0079, "C": 0.0079, "G": 0.0079, "T": 0.9763}, {"A": 0.0308, "C": 0.0308, "G": 0.0308, "T": 0.9077}, {"A": 0.18, "C": 0.0787, "G": 0.4596, "T": 0.2818}, {"A": 0.3003, "C": 0.2006, "G": 0.2006, "T": 0.2984}], "Arid3c_10": [{"A": 0.2647, "C": 0.187, "G": 0.2039, "T": 0.3444}, {"A": 0.1874, "C": 0.1892, "G": 0.1124, "T": 0.511}, {"A": 0.1543, "C": 0.1444, "G": 0.105, "T": 0.5962}, {"A": 0.1007, "C": 0.1423, "G": 0.0625, "T": 0.6945}, {"A": 0.3512, "C": 0.1176, "G": 0.3312, "T": 0.2}, {"A": 0.724, "C": 0.099, "G": 0.0631, "T": 0.1138}, {"A": 0.0303, "C": 0.0315, "G": 0.0272, "T": 0.9111}, {"A": 0.2848, "C": 0.2462, "G": 0.0946, "T": 0.3743}, {"A": 0.254, "C": 0.2328, "G": 0.2666, "T": 0.2467}], "Arid2_11": [{"A": 0.302, "C": 0.261, "G": 0.3032, "T": 0.1339}, {"A": 0.0289, "C": 0.0289, "G": 0.0289, "T": 0.9133}, {"A": 0.5528, "C": 0.0079, "G": 0.4314, "T": 0.0079}, {"A": 0.0079, "C": 0.0079, "G": 0.9764, "T": 0.0079}, {"A": 0.0079, "C": 0.8923, "G": 0.0079, "T": 0.092}, {"A": 0.9764, "C": 0.0079, "G": 0.0079, "T": 0.0079}, {"A": 0.9764, "C": 0.0079, "G": 0.0079, "T": 0.0079}, {"A": 0.0079, "C": 0.9764, "G": 0.0079, "T": 0.0079}, {"A": 0.124, "C": 0.4021, "G": 0.3499, "T": 0.124}, {"A": 0.3131, "C": 0.229, "G": 0.229, "T": 0.229}], "Setbp1_12": [{"A": 0.2162, "C": 0.321, "G": 0.1965, "T": 0.2663}, {"A": 0.2883, "C": 0.1047, "G": 0.3894, "T": 0.2176}, {"A": 0.2855, "C": 0.2872, "G": 0.1728, "T": 0.2545}, {"A": 0.3999, "C": 0.1623, "G": 0.1698, "T": 0.268}, {"A": 0.4152, "C": 0.1544, "G": 0.1603, "T": 0.27}, {"A": 0.27, "C": 0.1603, "G": 0.1544, "T": 0.4152}, {"A": 0.268, "C": 0.1698, "G": 0.1623, "T": 0.3999}, {"A": 0.2545, "C": 0.1728, "G": 0.2872, "T": 0.2855}, {"A": 0.2176, "C": 0.3894, "G": 0.1047, "T": 0.2883}, {"A": 0.2663, "C": 0.1965, "G": 0.321, "T": 0.2162}], "Ahctf1_13": [{"A": 0.7345, "C": 0.0885, "G": 0.0885, "T": 0.0885}, {"A": 0.7829, "C": 0.0724, "G": 0.0724, "T": 0.0724}, {"A": 0.7183, "C": 0.0724, "G": 0.0724, "T": 0.137}, {"A": 0.2661, "C": 0.0724, "G": 0.0724, "T": 0.5891}, {"A": 0.7183, "C": 0.0724, "G": 0.0724, "T": 0.137}, {"A": 0.6537, "C": 0.0724, "G": 0.0724, "T": 0.2016}, {"A": 0.6786, "C": 0.0823, "G": 0.0823, "T": 0.1568}, {"A": 0.1693, "C": 0.0885, "G": 0.0885, "T": 0.6537}], "Hmga2_14": [{"A": 0.2378, "C": 0.2645, "G": 0.2645, "T": 0.2332}, {"A": 0.2548, "C": 0.278, "G": 0.2268, "T": 0.2404}, {"A": 0.2353, "C": 0.2376, "G": 0.3029, "T": 0.2242}, {"A": 0.2035, "C": 0.2855, "G": 0.2667, "T": 0.2444}, {"A": 0.5904, "C": 0.008, "G": 0.3181, "T": 0.0835}, {"A": 0.4598, "C": 0.1861, "G": 0.0081, "T": 0.346}, {"A": 0.3875, "C": 0.0757, "G": 0.0699, "T": 0.4669}, {"A": 0.4294, "C": 0.0887, "G": 0.081, "T": 0.4009}, {"A": 0.3724, "C": 0.1636, "G": 0.1636, "T": 0.3004}, {"A": 0.3021, "C": 0.237, "G": 0.1645, "T": 0.2963}], "Phf21a_15": [{"A": 0.3171, "C": 0.2276, "G": 0.2276, "T": 0.2276}, {"A": 0.2943, "C": 0.2048, "G": 0.2961, "T": 0.2048}, {"A": 0.4418, "C": 0.1563, "G": 0.1563, "T": 0.2457}, {"A": 0.7437, "C": 0.0854, "G": 0.0854, "T": 0.0854}, {"A": 0.2354, "C": 0.0079, "G": 0.0079, "T": 0.7488}, {"A": 0.8021, "C": 0.0079, "G": 0.0079, "T": 0.1821}, {"A": 0.1009, "C": 0.0079, "G": 0.1041, "T": 0.7871}, {"A": 0.403, "C": 0.0079, "G": 0.0079, "T": 0.5812}, {"A": 0.8178, "C": 0.1216, "G": 0.0303, "T": 0.0303}, {"A": 0.8407, "C": 0.0531, "G": 0.0531, "T": 0.0531}, {"A": 0.1016, "C": 0.1016, "G": 0.1016, "T": 0.6951}, {"A": 0.1725, "C": 0.1725, "G": 0.1725, "T": 0.4826}], "Zfp957_16": [{"A": 0.2418, "C": 0.2664, "G": 0.2613, "T": 0.2304}, {"A": 0.2106, "C": 0.3044, "G": 0.2507, "T": 0.2342}, {"A": 0.3422, "C": 0.1841, "G": 0.3015, "T": 0.1722}, {"A": 0.3272, "C": 0.1814, "G": 0.2516, "T": 0.2398}, {"A": 0.4063, "C": 0.0493, "G": 0.2037, "T": 0.3407}, {"A": 0.6962, "C": 0.054, "G": 0.0083, "T": 0.2415}, {"A": 0.8671, "C": 0.0086, "G": 0.0514, "T": 0.0729}, {"A": 0.4483, "C": 0.0172, "G": 0.0446, "T": 0.4898}, {"A": 0.2137, "C": 0.1798, "G": 0.1022, "T": 0.5043}], "Tcfe3_17": [{"A": 0.2797, "C": 0.1864, "G": 0.3144, "T": 0.2195}, {"A": 0.3862, "C": 0.0748, "G": 0.4746, "T": 0.0644}, {"A": 0.0787, "C": 0.0961, "G": 0.0885, "T": 0.7367}, {"A": 0.0137, "C": 0.9687, "G": 0.0095, "T": 0.0081}, {"A": 0.8737, "C": 0.0492, "G": 0.0197, "T": 0.0573}, {"A": 0.0141, "C": 0.6936, "G": 0.0738, "T": 0.2185}, {"A": 0.1541, "C": 0.0465, "G": 0.7777, "T": 0.0217}, {"A": 0.2545, "C": 0.2425, "G": 0.1197, "T": 0.3833}, {"A": 0.0425, "C": 0.0429, "G": 0.8441, "T": 0.0705}, {"A": 0.2311, "C": 0.2266, "G": 0.3442, "T": 0.198}], "Mnt_18": [{"A": 0.2376, "C": 0.247, "G": 0.2242, "T": 0.2913}, {"A": 0.2626, "C": 0.2228, "G": 0.3254, "T": 0.1892}, {"A": 0.0656, "C": 0.7708, "G": 0.0537, "T": 0.11}, {"A": 0.7825, "C": 0.0085, "G": 0.0653, "T": 0.1437}, {"A": 0.0257, "C": 0.7878, "G": 0.0081, "T": 0.1784}, {"A": 0.0548, "C": 0.0989, "G": 0.8382, "T": 0.0081}, {"A": 0.0393, "C": 0.2273, "G": 0.0109, "T": 0.7224}, {"A": 0.0806, "C": 0.0093, "G": 0.7721, "T": 0.1379}, {"A": 0.1856, "C": 0.3254, "G": 0.2186, "T": 0.2704}], "Npas1_19": [{"A": 0.2385, "C": 0.1462, "G": 0.6076, "T": 0.0078}, {"A": 0.1462, "C": 0.0539, "G": 0.7922, "T": 0.0078}, {"A": 0.0078, "C": 0.0078, "G": 0.1399, "T": 0.8446}, {"A": 0.0078, "C": 0.9767, "G": 0.0078, "T": 0.0078}, {"A": 0.9767, "C": 0.0078, "G": 0.0078, "T": 0.0078}, {"A": 0.0078, "C": 0.9767, "G": 0.0078, "T": 0.0078}, {"A": 0.0078, "C": 0.0078, "G": 0.9767, "T": 0.0078}, {"A": 0.0078, "C": 0.0078, "G": 0.0078, "T": 0.9767}, {"A": 0.6244, "C": 0.0958, "G": 0.0078, "T": 0.272}, {"A": 0.0078, "C": 0.5803, "G": 0.1839, "T": 0.228}], "Tcfap4_20": [{"A": 0.2727, "C": 0.4192, "G": 0.1836, "T": 0.1245}, {"A": 0.1023, "C": 0.8114, "G": 0.0458, "T": 0.0405}, {"A": 0.6497, "C": 0.0621, "G": 0.2011, "T": 0.0872}, {"A": 0.0497, "C": 0.2094, "G": 0.461, "T": 0.2799}, {"A": 0.2982, "C": 0.4632, "G": 0.2165, "T": 0.0221}, {"A": 0.012, "C": 0.0778, "G": 0.0229, "T": 0.8873}, {"A": 0.0084, "C": 0.0079, "G": 0.9743, "T": 0.0094}, {"A": 0.3747, "C": 0.0872, "G": 0.2742, "T": 0.2638}, {"A": 0.1223, "C": 0.2295, "G": 0.1804, "T": 0.4678}], "Twist2_21": [{"A": 0.3002, "C": 0.2014, "G": 0.2969, "T": 0.2014}, {"A": 0.2814, "C": 0.5693, "G": 0.0746, "T": 0.0746}, {"A": 0.0079, "C": 0.9763, "G": 0.0079, "T": 0.0079}, {"A": 0.9763, "C": 0.0079, "G": 0.0079, "T": 0.0079}, {"A": 0.0079, "C": 0.218, "G": 0.0079, "T": 0.7662}, {"A": 0.7724, "C": 0.0079, "G": 0.2118, "T": 0.0079}, {"A": 0.0079, "C": 0.0079, "G": 0.0079, "T": 0.9763}, {"A": 0.0079, "C": 0.0079, "G": 0.9763, "T": 0.0079}, {"A": 0.0565, "C": 0.0565, "G": 0.1577, "T": 0.7294}, {"A": 0.1833, "C": 0.1833, "G": 0.2716, "T": 0.3619}], "Id3_22": [{"A": 0.2237, "C": 0.1603, "G": 0.3988, "T": 0.2172}, {"A": 0.4072, "C": 0.2107, "G": 0.3348, "T": 0.0472}, {"A": 0.0078, "C": 0.9236, "G": 0.0297, "T": 0.0389}, {"A": 0.9318, "C": 0.0078, "G": 0.0078, "T": 0.0527}, {"A": 0.0114, "C": 0.0419, "G": 0.9236, "T": 0.023}, {"A": 0.0078, "C": 0.0823, "G": 0.9022, "T": 0.0078}, {"A": 0.0078, "C": 0.011, "G": 0.0078, "T": 0.9735}, {"A": 0.0078, "C": 0.0078, "G": 0.9767, "T": 0.0078}, {"A": 0.0338, "C": 0.4126, "G": 0.0628, "T": 0.4908}, {"A": 0.3495, "C": 0.2506, "G": 0.1912, "T": 0.2087}], "Ascl2_23": [{"A": 0.6602, "C": 0.1069, "G": 0.1812, "T": 0.0518}, {"A": 0.3704, "C": 0.1239, "G": 0.4951, "T": 0.0106}, {"A": 0.0173, "C": 0.964, "G": 0.0078, "T": 0.0109}, {"A": 0.9306, "C": 0.0078, "G": 0.0078, "T": 0.0539}, {"A": 0.0272, "C": 0.0718, "G": 0.8431, "T": 0.0579}, {"A": 0.0173, "C": 0.9577, "G": 0.0141, "T": 0.0109}, {"A": 0.0205, "C": 0.0078, "G": 0.0078, "T": 0.964}, {"A": 0.0078, "C": 0.0109, "G": 0.9672, "T": 0.0141}, {"A": 0.0259, "C": 0.6296, "G": 0.053, "T": 0.2915}, {"A": 0.0988, "C": 0.2781, "G": 0.0827, "T": 0.5404}], "Myod1_24": [{"A": 0.336, "C": 0.1826, "G": 0.3104, "T": 0.171}, {"A": 0.271, "C": 0.1785, "G": 0.4671, "T": 0.0834}, {"A": 0.21, "C": 0.2427, "G": 0.3078, "T": 0.2394}, {"A": 0.4261, "C": 0.1226, "G": 0.443, "T": 0.0084}, {"A": 0.5913, "C": 0.0336, "G": 0.3669, "T": 0.0081}, {"A": 0.0078, "C": 0.9767, "G": 0.0078, "T": 0.0078}, {"A": 0.9767, "C": 0.0078, "G": 0.0078, "T": 0.0078}, {"A": 0.0078, "C": 0.0078, "G": 0.9767, "T": 0.0078}, {"A": 0.0085, "C": 0.7221, "G": 0.2616, "T": 0.0078}, {"A": 0.0141, "C": 0.0078, "G": 0.0078, "T": 0.9704}, {"A": 0.0078, "C": 0.0078, "G": 0.9767, "T": 0.0078}, {"A": 0.1208, "C": 0.4426, "G": 0.2652, "T": 0.1715}, {"A": 0.2868, "C": 0.2055, "G": 0.2287, "T": 0.279}], "Arnt_25": [{"A": 0.3049, "C": 0.2317, "G": 0.2317, "T": 0.2317}, {"A": 0.3389, "C": 0.184, "G": 0.2932, "T": 0.184}, {"A": 0.0844, "C": 0.0844, "G": 0.2102, "T": 0.6211}, {"A": 0.1001, "C": 0.7764, "G": 0.027, "T": 0.0965}, {"A": 0.9762, "C": 0.0079, "G": 0.0079, "T": 0.0079}, {"A": 0.1572, "C": 0.7574, "G": 0.0079, "T": 0.0775}, {"A": 0.0079, "C": 0.0079, "G": 0.8335, "T": 0.1506}, {"A": 0.0079, "C": 0.0079, "G": 0.0079, "T": 0.9762}, {"A": 0.1023, "C": 0.0262, "G": 0.8452, "T": 0.0262}, {"A": 0.2647, "C": 0.5874, "G": 0.074, "T": 0.074}, {"A": 0.3141, "C": 0.1736, "G": 0.1736, "T": 0.3387}, {"A": 0.231, "C": 0.231, "G": 0.231, "T": 0.3071}], "Arnt2_26": [{"A": 0.4357, "C": 0.2363, "G": 0.164, "T": 0.164}, {"A": 0.1937, "C": 0.1899, "G": 0.226, "T": 0.3905}, {"A": 0.008, "C": 0.008, "G": 0.2654, "T": 0.7187}, {"A": 0.1446, "C": 0.6939, "G": 0.008, "T": 0.1535}, {"A": 0.9088, "C": 0.008, "G": 0.0753, "T": 0.008}, {"A": 0.008, "C": 0.4891, "G": 0.008, "T": 0.495}, {"A": 0.3591, "C": 0.008, "G": 0.5564, "T": 0.0765}, {"A": 0.008, "C": 0.008, "G": 0.0765, "T": 0.9076}, {"A": 0.1599, "C": 0.094, "G": 0.6521, "T": 0.094}, {"A": 0.3281, "C": 0.3987, "G": 0.1366, "T": 0.1366}], "Mlx_27": [{"A": 0.2143, "C": 0.1873, "G": 0.3253, "T": 0.273}, {"A": 0.3379, "C": 0.1637, "G": 0.2649, "T": 0.2335}, {"A": 0.2107, "C": 0.1988, "G": 0.2581, "T": 0.3324}, {"A": 0.0078, "C": 0.9763, "G": 0.0078, "T": 0.0081}, {"A": 0.8691, "C": 0.0078, "G": 0.1154, "T": 0.0078}, {"A": 0.0078, "C": 0.7819, "G": 0.0078, "T": 0.2025}, {"A": 0.0078, "C": 0.0819, "G": 0.9017, "T": 0.0087}, {"A": 0.1027, "C": 0.0201, "G": 0.117, "T": 0.7602}, {"A": 0.0584, "C": 0.0599, "G": 0.7532, "T": 0.1285}], "Ahr_28": [{"A": 0.3307, "C": 0.0078, "G": 0.0078, "T": 0.6537}, {"A": 0.0078, "C": 0.5461, "G": 0.3307, "T": 0.1154}, {"A": 0.1154, "C": 0.1154, "G": 0.1154, "T": 0.6537}, {"A": 0.0078, "C": 0.9767, "G": 0.0078, "T": 0.0078}, {"A": 0.9767, "C": 0.0078, "G": 0.0078, "T": 0.0078}, {"A": 0.0078, "C": 0.9767, "G": 0.0078, "T": 0.0078}, {"A": 0.0078, "C": 0.0078, "G": 0.9767, "T": 0.0078}, {"A": 0.0078, "C": 0.9767, "G": 0.0078, "T": 0.0078}, {"A": 0.3307, "C": 0.1154, "G": 0.2231, "T": 0.3307}, {"A": 0.9767, "C": 0.0078, "G": 0.0078, "T": 0.0078}, {"A": 0.0078, "C": 0.4384, "G": 0.5461, "T": 0.0078}, {"A": 0.1154, "C": 0.4384, "G": 0.1154, "T": 0.3307}, {"A": 0.0078, "C": 0.5461, "G": 0.0078, "T": 0.4384}, {"A": 0.1154, "C": 0.3307, "G": 0.3307, "T": 0.2231}, {"A": 0.0078, "C": 0.2231, "G": 0.7614, "T": 0.0078}, {"A": 0.3307, "C": 0.1154, "G": 0.5461, "T": 0.0078}, {"A": 0.3307, "C": 0.0078, "G": 0.6537, "T": 0.0078}, {"A": 0.1154, "C": 0.2231, "G": 0.6537, "T": 0.0078}], "Hey2_29": [{"A": 0.1317, "C": 0.1448, "G": 0.5746, "T": 0.1489}, {"A": 0.3696, "C": 0.2186, "G": 0.2207, "T": 0.1911}, {"A": 0.0565, "C": 0.8346, "G": 0.0565, "T": 0.0523}, {"A": 0.7855, "C": 0.0191, "G": 0.1617, "T": 0.0337}, {"A": 0.0212, "C": 0.8934, "G": 0.0221, "T": 0.0633}, {"A": 0.0605, "C": 0.0361, "G": 0.8833, "T": 0.0201}, {"A": 0.0243, "C": 0.1495, "G": 0.019, "T": 0.8072}, {"A": 0.0178, "C": 0.0097, "G": 0.945, "T": 0.0275}, {"A": 0.0987, "C": 0.5159, "G": 0.1124, "T": 0.273}], "Sim1_30": [{"A": 0.2385, "C": 0.1462, "G": 0.6076, "T": 0.0078}, {"A": 0.1462, "C": 0.0539, "G": 0.7922, "T": 0.0078}, {"A": 0.0078, "C": 0.0078, "G": 0.1399, "T": 0.8446}, {"A": 0.0078, "C": 0.9767, "G": 0.0078, "T": 0.0078}, {"A": 0.9767, "C": 0.0078, "G": 0.0078, "T": 0.0078}, {"A": 0.0078, "C": 0.9767, "G": 0.0078, "T": 0.0078}, {"A": 0.0078, "C": 0.0078, "G": 0.9767, "T": 0.0078}, {"A": 0.0078, "C": 0.0078, "G": 0.0078, "T": 0.9767}, {"A": 0.6244, "C": 0.0958, "G": 0.0078, "T": 0.272}, {"A": 0.0078, "C": 0.5803, "G": 0.1839, "T": 0.228}], "Tcf3_31": [{"A": 0.2582, "C": 0.2959, "G": 0.3199, "T": 0.1261}, {"A": 0.0284, "C": 0.9506, "G": 0.0107, "T": 0.0103}, {"A": 0.9177, "C": 0.0384, "G": 0.0248, "T": 0.0191}, {"A": 0.0144, "C": 0.1886, "G": 0.7864, "T": 0.0105}, {"A": 0.2046, "C": 0.1424, "G": 0.642, "T": 0.011}, {"A": 0.0119, "C": 0.0145, "G": 0.0089, "T": 0.9647}, {"A": 0.011, "C": 0.0087, "G": 0.964, "T": 0.0164}, {"A": 0.1215, "C": 0.3171, "G": 0.2535, "T": 0.3079}], "Srebf1_32": [{"A": 0.3886, "C": 0.155, "G": 0.3593, "T": 0.0971}, {"A": 0.1213, "C": 0.1224, "G": 0.0753, "T": 0.681}, {"A": 0.1319, "C": 0.4725, "G": 0.3256, "T": 0.07}, {"A": 0.3928, "C": 0.0104, "G": 0.4596, "T": 0.1372}, {"A": 0.008, "C": 0.4777, "G": 0.3135, "T": 0.2008}, {"A": 0.2138, "C": 0.1432, "G": 0.568, "T": 0.075}, {"A": 0.1037, "C": 0.1628, "G": 0.0097, "T": 0.7238}, {"A": 0.0615, "C": 0.0326, "G": 0.8234, "T": 0.0825}, {"A": 0.5687, "C": 0.0785, "G": 0.1447, "T": 0.208}, {"A": 0.1057, "C": 0.2611, "G": 0.1496, "T": 0.4835}], "Id2_33": [{"A": 0.2769, "C": 0.1694, "G": 0.4917, "T": 0.062}, {"A": 0.0081, "C": 0.9757, "G": 0.0081, "T": 0.0081}, {"A": 0.9758, "C": 0.0081, "G": 0.0081, "T": 0.0081}, {"A": 0.0081, "C": 0.9758, "G": 0.0081, "T": 0.0081}, {"A": 0.0081, "C": 0.0081, "G": 0.9758, "T": 0.0081}, {"A": 0.0081, "C": 0.0081, "G": 0.0081, "T": 0.9758}, {"A": 0.0081, "C": 0.0081, "G": 0.9757, "T": 0.0081}, {"A": 0.4918, "C": 0.0522, "G": 0.272, "T": 0.1841}], "Npas3_34": [{"A": 0.2385, "C": 0.1462, "G": 0.6076, "T": 0.0078}, {"A": 0.1462, "C": 0.0539, "G": 0.7922, "T": 0.0078}, {"A": 0.0078, "C": 0.0078, "G": 0.1399, "T": 0.8446}, {"A": 0.0078, "C": 0.9767, "G": 0.0078, "T": 0.0078}, {"A": 0.9767, "C": 0.0078, "G": 0.0078, "T": 0.0078}, {"A": 0.0078, "C": 0.9767, "G": 0.0078, "T": 0.0078}, {"A": 0.0078, "C": 0.0078, "G": 0.9767, "T": 0.0078}, {"A": 0.0078, "C": 0.0078, "G": 0.0078, "T": 0.9767}, {"A": 0.6244, "C": 0.0958, "G": 0.0078, "T": 0.272}, {"A": 0.0078, "C": 0.5803, "G": 0.1839, "T": 0.228}], "Id4_35": [{"A": 0.2237, "C": 0.1603, "G": 0.3988, "T": 0.2172}, {"A": 0.4072, "C": 0.2107, "G": 0.3348, "T": 0.0472}, {"A": 0.0078, "C": 0.9236, "G": 0.0297, "T": 0.0389}, {"A": 0.9318, "C": 0.0078, "G": 0.0078, "T": 0.0527}, {"A": 0.0114, "C": 0.0419, "G": 0.9236, "T": 0.023}, {"A": 0.0078, "C": 0.0823, "G": 0.9022, "T": 0.0078}, {"A": 0.0078, "C": 0.011, "G": 0.0078, "T": 0.9735}, {"A": 0.0078, "C": 0.0078, "G": 0.9767, "T": 0.0078}, {"A": 0.0338, "C": 0.4126, "G": 0.0628, "T": 0.4908}, {"A": 0.3495, "C": 0.2506, "G": 0.1912, "T": 0.2087}], "Ahrr_36": [{"A": 0.3307, "C": 0.0078, "G": 0.0078, "T": 0.6537}, {"A": 0.0078, "C": 0.5461, "G": 0.3307, "T": 0.1154}, {"A": 0.1154, "C": 0.1154, "G": 0.1154, "T": 0.6537}, {"A": 0.0078, "C": 0.9767, "G": 0.0078, "T": 0.0078}, {"A": 0.9767, "C": 0.0078, "G": 0.0078, "T": 0.0078}, {"A": 0.0078, "C": 0.9767, "G": 0.0078, "T": 0.0078}, {"A": 0.0078, "C": 0.0078, "G": 0.9767, "T": 0.0078}, {"A": 0.0078, "C": 0.9767, "G": 0.0078, "T": 0.0078}, {"A": 0.3307, "C": 0.1154, "G": 0.2231, "T": 0.3307}, {"A": 0.9767, "C": 0.0078, "G": 0.0078, "T": 0.0078}, {"A": 0.0078, "C": 0.4384, "G": 0.5461, "T": 0.0078}, {"A": 0.1154, "C": 0.4384, "G": 0.1154, "T": 0.3307}, {"A": 0.0078, "C": 0.5461, "G": 0.0078, "T": 0.4384}, {"A": 0.1154, "C": 0.3307, "G": 0.3307, "T": 0.2231}, {"A": 0.0078, "C": 0.2231, "G": 0.7614, "T": 0.0078}, {"A": 0.3307, "C": 0.1154, "G": 0.5461, "T": 0.0078}, {"A": 0.3307, "C": 0.0078, "G": 0.6537, "T": 0.0078}, {"A": 0.1154, "C": 0.2231, "G": 0.6537, "T": 0.0078}], "Myc_37": [{"A": 0.2223, "C": 0.6707, "G": 0.0993, "T": 0.0078}, {"A": 0.0078, "C": 0.9767, "G": 0.0078, "T": 0.0078}, {"A": 0.9767, "C": 0.0078, "G": 0.0078, "T": 0.0078}, {"A": 0.0078, "C": 0.4246, "G": 0.0078, "T": 0.5599}, {"A": 0.0078, "C": 0.0078, "G": 0.9767, "T": 0.0078}, {"A": 0.0078, "C": 0.0078, "G": 0.0078, "T": 0.9767}, {"A": 0.0078, "C": 0.0078, "G": 0.9767, "T": 0.0078}, {"A": 0.0167, "C": 0.425, "G": 0.3857, "T": 0.1727}, {"A": 0.1618, "C": 0.2052, "G": 0.1087, "T": 0.5243}, {"A": 0.0226, "C": 0.3487, "G": 0.1532, "T": 0.4754}], "Srebf2_38": [{"A": 0.0828, "C": 0.0085, "G": 0.0085, "T": 0.9002}, {"A": 0.0083, "C": 0.6907, "G": 0.2926, "T": 0.0083}, {"A": 0.4064, "C": 0.0083, "G": 0.577, "T": 0.0083}, {"A": 0.0083, "C": 0.8044, "G": 0.1221, "T": 0.0652}, {"A": 0.0083, "C": 0.0083, "G": 0.975, "T": 0.0083}, {"A": 0.0083, "C": 0.0652, "G": 0.0083, "T": 0.9182}, {"A": 0.0083, "C": 0.0083, "G": 0.975, "T": 0.0083}, {"A": 0.8259, "C": 0.0085, "G": 0.0828, "T": 0.0828}], "Hes1_39": [{"A": 0.1891, "C": 0.2575, "G": 0.373, "T": 0.1803}, {"A": 0.2101, "C": 0.2978, "G": 0.3915, "T": 0.1005}, {"A": 0.0467, "C": 0.8552, "G": 0.0215, "T": 0.0766}, {"A": 0.7277, "C": 0.0402, "G": 0.1446, "T": 0.0875}, {"A": 0.0361, "C": 0.8149, "G": 0.062, "T": 0.0871}, {"A": 0.1675, "C": 0.0471, "G": 0.7528, "T": 0.0326}, {"A": 0.12, "C": 0.4627, "G": 0.0725, "T": 0.3448}, {"A": 0.0642, "C": 0.1169, "G": 0.6484, "T": 0.1705}, {"A": 0.2267, "C": 0.3004, "G": 0.1545, "T": 0.3184}, {"A": 0.2182, "C": 0.3798, "G": 0.2, "T": 0.202}], "Hes7_40": [{"A": 0.228, "C": 0.1776, "G": 0.3933, "T": 0.2011}, {"A": 0.3449, "C": 0.1578, "G": 0.335, "T": 0.1623}, {"A": 0.1478, "C": 0.782, "G": 0.0403, "T": 0.03}, {"A": 0.2351, "C": 0.0881, "G": 0.5136, "T": 0.1632}, {"A": 0.035, "C": 0.8066, "G": 0.0324, "T": 0.1261}, {"A": 0.0384, "C": 0.0242, "G": 0.9255, "T": 0.0119}, {"A": 0.0518, "C": 0.0527, "G": 0.0286, "T": 0.8669}, {"A": 0.0182, "C": 0.0125, "G": 0.9422, "T": 0.027}, {"A": 0.1005, "C": 0.4113, "G": 0.2429, "T": 0.2453}, {"A": 0.1627, "C": 0.4373, "G": 0.2087, "T": 0.1914}], "Tcfeb_41": [{"A": 0.2785, "C": 0.0791, "G": 0.6203, "T": 0.0221}, {"A": 0.034, "C": 0.0515, "G": 0.0777, "T": 0.8369}, {"A": 0.0078, "C": 0.9765, "G": 0.0078, "T": 0.0078}, {"A": 0.8319, "C": 0.044, "G": 0.0367, "T": 0.0873}, {"A": 0.0078, "C": 0.8103, "G": 0.0512, "T": 0.1307}, {"A": 0.109, "C": 0.0295, "G": 0.8536, "T": 0.0078}, {"A": 0.1759, "C": 0.1439, "G": 0.0639, "T": 0.6163}, {"A": 0.0078, "C": 0.0078, "G": 0.9675, "T": 0.0168}], "Bhlhe22_42": [{"A": 0.3578, "C": 0.1851, "G": 0.2721, "T": 0.1851}, {"A": 0.1424, "C": 0.6392, "G": 0.1384, "T": 0.08}, {"A": 0.0078, "C": 0.9766, "G": 0.0078, "T": 0.0078}, {"A": 0.9766, "C": 0.0078, "G": 0.0078, "T": 0.0078}, {"A": 0.0078, "C": 0.0078, "G": 0.0078, "T": 0.9766}, {"A": 0.9766, "C": 0.0078, "G": 0.0078, "T": 0.0078}, {"A": 0.0078, "C": 0.0078, "G": 0.0078, "T": 0.9766}, {"A": 0.0078, "C": 0.0078, "G": 0.9766, "T": 0.0078}, {"A": 0.0727, "C": 0.2971, "G": 0.2214, "T": 0.4088}, {"A": 0.1778, "C": 0.2367, "G": 0.1778, "T": 0.4077}], "Msc_43": [{"A": 0.3468, "C": 0.15, "G": 0.2777, "T": 0.2255}, {"A": 0.3537, "C": 0.4122, "G": 0.1759, "T": 0.0583}, {"A": 0.1429, "C": 0.8099, "G": 0.0388, "T": 0.0084}, {"A": 0.7099, "C": 0.0078, "G": 0.2283, "T": 0.054}, {"A": 0.0702, "C": 0.13, "G": 0.2927, "T": 0.5071}, {"A": 0.5071, "C": 0.2927, "G": 0.13, "T": 0.0702}, {"A": 0.054, "C": 0.2283, "G": 0.0078, "T": 0.7099}, {"A": 0.0084, "C": 0.0388, "G": 0.8099, "T": 0.1429}, {"A": 0.0583, "C": 0.1759, "G": 0.4122, "T": 0.3537}, {"A": 0.2255, "C": 0.2777, "G": 0.15, "T": 0.3468}], "Npas2_44": [{"A": 0.2726, "C": 0.1788, "G": 0.2914, "T": 0.2572}, {"A": 0.1572, "C": 0.3733, "G": 0.4151, "T": 0.0545}, {"A": 0.008, "C": 0.9761, "G": 0.008, "T": 0.008}, {"A": 0.9761, "C": 0.008, "G": 0.008, "T": 0.008}, {"A": 0.0863, "C": 0.8977, "G": 0.008, "T": 0.008}, {"A": 0.0863, "C": 0.008, "G": 0.8977, "T": 0.008}, {"A": 0.008, "C": 0.008, "G": 0.008, "T": 0.9761}, {"A": 0.0863, "C": 0.008, "G": 0.8977, "T": 0.008}, {"A": 0.0792, "C": 0.1746, "G": 0.1896, "T": 0.5566}, {"A": 0.2956, "C": 0.2974, "G": 0.2035, "T": 0.2035}], "Myog_45": [{"A": 0.4001, "C": 0.1514, "G": 0.4407, "T": 0.0078}, {"A": 0.5871, "C": 0.0243, "G": 0.3809, "T": 0.0078}, {"A": 0.0078, "C": 0.9767, "G": 0.0078, "T": 0.0078}, {"A": 0.9767, "C": 0.0078, "G": 0.0078, "T": 0.0078}, {"A": 0.0078, "C": 0.0078, "G": 0.9767, "T": 0.0078}, {"A": 0.0111, "C": 0.8218, "G": 0.1593, "T": 0.0078}, {"A": 0.0078, "C": 0.0078, "G": 0.0078, "T": 0.9767}, {"A": 0.0078, "C": 0.0078, "G": 0.9767, "T": 0.0078}, {"A": 0.1495, "C": 0.4345, "G": 0.3022, "T": 0.1138}, {"A": 0.2752, "C": 0.1962, "G": 0.2665, "T": 0.2621}, {"A": 0.2115, "C": 0.2465, "G": 0.3842, "T": 0.1578}], "Usf1_46": [{"A": 0.2344, "C": 0.2344, "G": 0.2344, "T": 0.2968}, {"A": 0.4531, "C": 0.1277, "G": 0.2915, "T": 0.1277}, {"A": 0.0249, "C": 0.1744, "G": 0.1561, "T": 0.6446}, {"A": 0.0079, "C": 0.9764, "G": 0.0079, "T": 0.0079}, {"A": 0.9764, "C": 0.0079, "G": 0.0079, "T": 0.0079}, {"A": 0.0703, "C": 0.914, "G": 0.0079, "T": 0.0079}, {"A": 0.0079, "C": 0.0079, "G": 0.914, "T": 0.0703}, {"A": 0.0703, "C": 0.0079, "G": 0.0079, "T": 0.914}, {"A": 0.0235, "C": 0.0235, "G": 0.9296, "T": 0.0235}, {"A": 0.3283, "C": 0.1979, "G": 0.3437, "T": 0.1302}, {"A": 0.233, "C": 0.233, "G": 0.3011, "T": 0.233}], "Ptf1a_47": [{"A": 0.1536, "C": 0.0745, "G": 0.5194, "T": 0.2525}, {"A": 0.0078, "C": 0.4725, "G": 0.512, "T": 0.0078}, {"A": 0.4527, "C": 0.0078, "G": 0.3637, "T": 0.1758}, {"A": 0.0078, "C": 0.9767, "G": 0.0078, "T": 0.0078}, {"A": 0.7988, "C": 0.0078, "G": 0.0078, "T": 0.1857}, {"A": 0.0078, "C": 0.2747, "G": 0.5219, "T": 0.1956}, {"A": 0.1758, "C": 0.5417, "G": 0.2747, "T": 0.0078}, {"A": 0.1857, "C": 0.0078, "G": 0.0078, "T": 0.7988}, {"A": 0.0078, "C": 0.0078, "G": 0.8779, "T": 0.1066}, {"A": 0.0078, "C": 0.1758, "G": 0.1956, "T": 0.6208}, {"A": 0.1758, "C": 0.0967, "G": 0.2747, "T": 0.4527}, {"A": 0.1066, "C": 0.4428, "G": 0.3538, "T": 0.0967}, {"A": 0.3637, "C": 0.0967, "G": 0.1758, "T": 0.3637}, {"A": 0.1956, "C": 0.1758, "G": 0.3637, "T": 0.2648}, {"A": 0.1066, "C": 0.0078, "G": 0.0078, "T": 0.8779}, {"A": 0.0078, "C": 0.1857, "G": 0.1066, "T": 0.6999}, {"A": 0.0078, "C": 0.4329, "G": 0.0078, "T": 0.5516}, {"A": 0.0078, "C": 0.7988, "G": 0.1857, "T": 0.0078}, {"A": 0.0078, "C": 0.6999, "G": 0.1066, "T": 0.1857}, {"A": 0.1857, "C": 0.3736, "G": 0.0078, "T": 0.4329}, {"A": 0.2104, "C": 0.1215, "G": 0.4576, "T": 0.2104}], "Sohlh2_48": [{"A": 0.3122, "C": 0.2201, "G": 0.2496, "T": 0.218}, {"A": 0.2105, "C": 0.1771, "G": 0.4284, "T": 0.184}, {"A": 0.162, "C": 0.3833, "G": 0.1071, "T": 0.3476}, {"A": 0.2539, "C": 0.3749, "G": 0.1883, "T": 0.1829}, {"A": 0.1348, "C": 0.7536, "G": 0.0334, "T": 0.0782}, {"A": 0.0811, "C": 0.0367, "G": 0.8744, "T": 0.0079}, {"A": 0.1141, "C": 0.0317, "G": 0.0762, "T": 0.7779}, {"A": 0.0082, "C": 0.0975, "G": 0.8769, "T": 0.0174}, {"A": 0.1737, "C": 0.5642, "G": 0.1409, "T": 0.1212}, {"A": 0.2901, "C": 0.1933, "G": 0.3017, "T": 0.2149}], "Neurog2_49": [{"A": 0.422, "C": 0.0736, "G": 0.4654, "T": 0.039}, {"A": 0.4902, "C": 0.224, "G": 0.2657, "T": 0.0201}, {"A": 0.0078, "C": 0.973, "G": 0.0108, "T": 0.0085}, {"A": 0.9752, "C": 0.0078, "G": 0.0093, "T": 0.0078}, {"A": 0.0144, "C": 0.0078, "G": 0.0261, "T": 0.9518}, {"A": 0.9226, "C": 0.0533, "G": 0.0163, "T": 0.0078}, {"A": 0.0085, "C": 0.024, "G": 0.0136, "T": 0.9539}, {"A": 0.01, "C": 0.0078, "G": 0.9707, "T": 0.0115}, {"A": 0.0172, "C": 0.1495, "G": 0.184, "T": 0.6493}, {"A": 0.0281, "C": 0.3161, "G": 0.0857, "T": 0.5702}], "Mycl1_50": [{"A": 0.3724, "C": 0.1086, "G": 0.3987, "T": 0.1203}, {"A": 0.0078, "C": 0.7916, "G": 0.1928, "T": 0.0078}, {"A": 0.0078, "C": 0.9767, "G": 0.0078, "T": 0.0078}, {"A": 0.9767, "C": 0.0078, "G": 0.0078, "T": 0.0078}, {"A": 0.0078, "C": 0.9767, "G": 0.0078, "T": 0.0078}, {"A": 0.1238, "C": 0.0078, "G": 0.8607, "T": 0.0078}, {"A": 0.0078, "C": 0.0078, "G": 0.0078, "T": 0.9767}, {"A": 0.0078, "C": 0.0078, "G": 0.9767, "T": 0.0078}], "Hes2_51": [{"A": 0.2154, "C": 0.2154, "G": 0.2154, "T": 0.3539}, {"A": 0.3382, "C": 0.1989, "G": 0.1989, "T": 0.264}, {"A": 0.3382, "C": 0.1989, "G": 0.1989, "T": 0.264}, {"A": 0.2455, "C": 0.3301, "G": 0.2447, "T": 0.1796}, {"A": 0.0881, "C": 0.1554, "G": 0.6684, "T": 0.0881}, {"A": 0.592, "C": 0.0079, "G": 0.3922, "T": 0.0079}, {"A": 0.2805, "C": 0.7037, "G": 0.0079, "T": 0.0079}, {"A": 0.909, "C": 0.0079, "G": 0.0752, "T": 0.0079}, {"A": 0.1766, "C": 0.7383, "G": 0.0425, "T": 0.0425}, {"A": 0.1272, "C": 0.059, "G": 0.7548, "T": 0.059}, {"A": 0.059, "C": 0.059, "G": 0.059, "T": 0.8229}, {"A": 0.1464, "C": 0.0783, "G": 0.697, "T": 0.0783}, {"A": 0.2379, "C": 0.4225, "G": 0.1698, "T": 0.1698}], "Clock_52": [{"A": 0.2403, "C": 0.2018, "G": 0.3339, "T": 0.224}, {"A": 0.2919, "C": 0.3185, "G": 0.2527, "T": 0.1368}, {"A": 0.1649, "C": 0.7583, "G": 0.035, "T": 0.0418}, {"A": 0.6988, "C": 0.0605, "G": 0.1757, "T": 0.0651}, {"A": 0.0348, "C": 0.6612, "G": 0.054, "T": 0.25}, {"A": 0.25, "C": 0.054, "G": 0.6612, "T": 0.0348}, {"A": 0.0651, "C": 0.1757, "G": 0.0605, "T": 0.6988}, {"A": 0.0418, "C": 0.035, "G": 0.7583, "T": 0.1649}, {"A": 0.1368, "C": 0.2527, "G": 0.3185, "T": 0.2919}, {"A": 0.224, "C": 0.3339, "G": 0.2018, "T": 0.2403}], "Tcfec_53": [{"A": 0.28, "C": 0.2055, "G": 0.2883, "T": 0.2262}, {"A": 0.3843, "C": 0.1124, "G": 0.4036, "T": 0.0997}, {"A": 0.1129, "C": 0.1455, "G": 0.1468, "T": 0.5948}, {"A": 0.0339, "C": 0.9368, "G": 0.0188, "T": 0.0104}, {"A": 0.7589, "C": 0.0935, "G": 0.044, "T": 0.1035}, {"A": 0.024, "C": 0.6471, "G": 0.0996, "T": 0.2293}, {"A": 0.1936, "C": 0.0748, "G": 0.6964, "T": 0.0353}, {"A": 0.2515, "C": 0.192, "G": 0.1389, "T": 0.4177}, {"A": 0.06, "C": 0.0644, "G": 0.7698, "T": 0.1059}, {"A": 0.2409, "C": 0.2187, "G": 0.3131, "T": 0.2273}], "Figla_54": [{"A": 0.2506, "C": 0.3773, "G": 0.195, "T": 0.1772}, {"A": 0.0207, "C": 0.9636, "G": 0.0079, "T": 0.0078}, {"A": 0.8973, "C": 0.0399, "G": 0.0466, "T": 0.0162}, {"A": 0.0159, "C": 0.3936, "G": 0.5609, "T": 0.0296}, {"A": 0.0525, "C": 0.313, "G": 0.6163, "T": 0.0182}, {"A": 0.0089, "C": 0.0291, "G": 0.0078, "T": 0.9542}, {"A": 0.0657, "C": 0.0214, "G": 0.8618, "T": 0.0511}, {"A": 0.1788, "C": 0.2187, "G": 0.3071, "T": 0.2954}, {"A": 0.2721, "C": 0.1697, "G": 0.2076, "T": 0.3506}], "Bhlhe40_55": [{"A": 0.1966, "C": 0.243, "G": 0.3996, "T": 0.1608}, {"A": 0.0838, "C": 0.0624, "G": 0.3997, "T": 0.4541}, {"A": 0.008, "C": 0.9763, "G": 0.0079, "T": 0.0078}, {"A": 0.8334, "C": 0.0348, "G": 0.0621, "T": 0.0697}, {"A": 0.0133, "C": 0.9037, "G": 0.0301, "T": 0.0528}, {"A": 0.0845, "C": 0.0313, "G": 0.8707, "T": 0.0135}, {"A": 0.0915, "C": 0.15, "G": 0.1003, "T": 0.6582}, {"A": 0.0332, "C": 0.0364, "G": 0.7702, "T": 0.1602}, {"A": 0.3216, "C": 0.2833, "G": 0.0977, "T": 0.2974}], "Bhlhe41_56": [{"A": 0.3288, "C": 0.1822, "G": 0.2362, "T": 0.2528}, {"A": 0.1962, "C": 0.5797, "G": 0.1341, "T": 0.0899}, {"A": 0.3582, "C": 0.1354, "G": 0.3411, "T": 0.1652}, {"A": 0.0312, "C": 0.7909, "G": 0.0599, "T": 0.1181}, {"A": 0.0608, "C": 0.0399, "G": 0.889, "T": 0.0103}, {"A": 0.0266, "C": 0.018, "G": 0.0273, "T": 0.9281}, {"A": 0.0097, "C": 0.0082, "G": 0.9594, "T": 0.0226}, {"A": 0.4305, "C": 0.4567, "G": 0.0385, "T": 0.0742}, {"A": 0.1456, "C": 0.4017, "G": 0.2155, "T": 0.2373}], "Mesp2_57": [{"A": 0.2677, "C": 0.3217, "G": 0.1867, "T": 0.2238}, {"A": 0.3724, "C": 0.2542, "G": 0.3623, "T": 0.0111}, {"A": 0.0542, "C": 0.8404, "G": 0.0977, "T": 0.0078}, {"A": 0.8687, "C": 0.0078, "G": 0.1158, "T": 0.0078}, {"A": 0.072, "C": 0.0515, "G": 0.8454, "T": 0.0311}, {"A": 0.0486, "C": 0.0982, "G": 0.8454, "T": 0.0078}, {"A": 0.0078, "C": 0.0078, "G": 0.1184, "T": 0.8661}, {"A": 0.0078, "C": 0.0078, "G": 0.9767, "T": 0.0078}, {"A": 0.028, "C": 0.315, "G": 0.1934, "T": 0.4635}, {"A": 0.2924, "C": 0.0552, "G": 0.2551, "T": 0.3974}], "Mesp1_58": [{"A": 0.2677, "C": 0.3217, "G": 0.1867, "T": 0.2238}, {"A": 0.3724, "C": 0.2542, "G": 0.3623, "T": 0.0111}, {"A": 0.0542, "C": 0.8404, "G": 0.0977, "T": 0.0078}, {"A": 0.8687, "C": 0.0078, "G": 0.1158, "T": 0.0078}, {"A": 0.072, "C": 0.0515, "G": 0.8454, "T": 0.0311}, {"A": 0.0486, "C": 0.0982, "G": 0.8454, "T": 0.0078}, {"A": 0.0078, "C": 0.0078, "G": 0.1184, "T": 0.8661}, {"A": 0.0078, "C": 0.0078, "G": 0.9767, "T": 0.0078}, {"A": 0.028, "C": 0.315, "G": 0.1934, "T": 0.4635}, {"A": 0.2924, "C": 0.0552, "G": 0.2551, "T": 0.3974}], "Tcf12_59": [{"A": 0.2461, "C": 0.3494, "G": 0.2989, "T": 0.1056}, {"A": 0.0647, "C": 0.8992, "G": 0.0087, "T": 0.0273}, {"A": 0.8533, "C": 0.0499, "G": 0.0486, "T": 0.0482}, {"A": 0.0388, "C": 0.1402, "G": 0.7625, "T": 0.0585}, {"A": 0.2522, "C": 0.146, "G": 0.5685, "T": 0.0333}, {"A": 0.0111, "C": 0.0285, "G": 0.0079, "T": 0.9525}, {"A": 0.0545, "C": 0.016, "G": 0.9092, "T": 0.0204}, {"A": 0.0962, "C": 0.3013, "G": 0.2433, "T": 0.3592}, {"A": 0.2239, "C": 0.2218, "G": 0.2744, "T": 0.2798}], "Heyl_60": [{"A": 0.1317, "C": 0.1448, "G": 0.5746, "T": 0.1489}, {"A": 0.3696, "C": 0.2186, "G": 0.2207, "T": 0.1911}, {"A": 0.0565, "C": 0.8346, "G": 0.0565, "T": 0.0523}, {"A": 0.7855, "C": 0.0191, "G": 0.1617, "T": 0.0337}, {"A": 0.0212, "C": 0.8934, "G": 0.0221, "T": 0.0633}, {"A": 0.0605, "C": 0.0361, "G": 0.8833, "T": 0.0201}, {"A": 0.0243, "C": 0.1495, "G": 0.019, "T": 0.8072}, {"A": 0.0178, "C": 0.0097, "G": 0.945, "T": 0.0275}, {"A": 0.0987, "C": 0.5159, "G": 0.1124, "T": 0.273}], "Scx_61": [{"A": 0.0648, "C": 0.0078, "G": 0.1218, "T": 0.8057}, {"A": 0.1, "C": 0.1, "G": 0.423, "T": 0.3769}, {"A": 0.1341, "C": 0.1763, "G": 0.2184, "T": 0.4712}, {"A": 0.3027, "C": 0.092, "G": 0.1763, "T": 0.4291}, {"A": 0.3027, "C": 0.1341, "G": 0.3869, "T": 0.1763}, {"A": 0.1763, "C": 0.0078, "G": 0.1763, "T": 0.6397}, {"A": 0.1763, "C": 0.2605, "G": 0.3448, "T": 0.2184}, {"A": 0.092, "C": 0.0078, "G": 0.4291, "T": 0.4712}, {"A": 0.092, "C": 0.3448, "G": 0.2605, "T": 0.3027}, {"A": 0.1341, "C": 0.3448, "G": 0.2605, "T": 0.2605}, {"A": 0.2605, "C": 0.0078, "G": 0.4291, "T": 0.3027}, {"A": 0.0078, "C": 0.3448, "G": 0.1763, "T": 0.4712}, {"A": 0.2605, "C": 0.1341, "G": 0.3869, "T": 0.2184}, {"A": 0.3448, "C": 0.4712, "G": 0.1341, "T": 0.0499}, {"A": 0.1341, "C": 0.7661, "G": 0.0078, "T": 0.092}, {"A": 0.8925, "C": 0.0499, "G": 0.0499, "T": 0.0078}, {"A": 0.0078, "C": 0.0078, "G": 0.2605, "T": 0.724}, {"A": 0.1763, "C": 0.5133, "G": 0.3027, "T": 0.0078}, {"A": 0.0078, "C": 0.1341, "G": 0.0499, "T": 0.8082}, {"A": 0.0078, "C": 0.0078, "G": 0.9767, "T": 0.0078}, {"A": 0.0078, "C": 0.1341, "G": 0.5554, "T": 0.3027}], "Mitf_62": [{"A": 0.2735, "C": 0.195, "G": 0.3104, "T": 0.221}, {"A": 0.393, "C": 0.0863, "G": 0.4553, "T": 0.0654}, {"A": 0.0828, "C": 0.0994, "G": 0.1051, "T": 0.7127}, {"A": 0.0141, "C": 0.9659, "G": 0.0104, "T": 0.0096}, {"A": 0.8619, "C": 0.0582, "G": 0.0232, "T": 0.0567}, {"A": 0.0156, "C": 0.7101, "G": 0.0789, "T": 0.1954}, {"A": 0.1593, "C": 0.0396, "G": 0.7812, "T": 0.0199}, {"A": 0.2387, "C": 0.1931, "G": 0.1136, "T": 0.4546}, {"A": 0.0347, "C": 0.0352, "G": 0.8642, "T": 0.0659}, {"A": 0.2453, "C": 0.2163, "G": 0.3381, "T": 0.2003}], "Myf6_63": [{"A": 0.2883, "C": 0.2541, "G": 0.2693, "T": 0.1884}, {"A": 0.0587, "C": 0.7585, "G": 0.0582, "T": 0.1246}, {"A": 0.5244, "C": 0.11, "G": 0.233, "T": 0.1326}, {"A": 0.266, "C": 0.299, "G": 0.2609, "T": 0.1741}, {"A": 0.1921, "C": 0.4521, "G": 0.1762, "T": 0.1796}, {"A": 0.0083, "C": 0.0081, "G": 0.0081, "T": 0.9755}, {"A": 0.0095, "C": 0.0098, "G": 0.8506, "T": 0.1301}, {"A": 0.235, "C": 0.1679, "G": 0.1498, "T": 0.4474}, {"A": 0.0255, "C": 0.4616, "G": 0.0777, "T": 0.4352}], "Atoh7_64": [{"A": 0.2928, "C": 0.204, "G": 0.2993, "T": 0.204}, {"A": 0.3018, "C": 0.4925, "G": 0.1028, "T": 0.1028}, {"A": 0.0078, "C": 0.9767, "G": 0.0078, "T": 0.0078}, {"A": 0.9767, "C": 0.0078, "G": 0.0078, "T": 0.0078}, {"A": 0.0078, "C": 0.0078, "G": 0.0929, "T": 0.8915}, {"A": 0.8915, "C": 0.0929, "G": 0.0078, "T": 0.0078}, {"A": 0.0078, "C": 0.0078, "G": 0.0078, "T": 0.9767}, {"A": 0.0078, "C": 0.0078, "G": 0.9767, "T": 0.0078}, {"A": 0.0538, "C": 0.1227, "G": 0.1707, "T": 0.6528}, {"A": 0.1549, "C": 0.2437, "G": 0.2224, "T": 0.379}], "Mycn_65": [{"A": 0.3724, "C": 0.1086, "G": 0.3987, "T": 0.1203}, {"A": 0.0078, "C": 0.7916, "G": 0.1928, "T": 0.0078}, {"A": 0.0078, "C": 0.9767, "G": 0.0078, "T": 0.0078}, {"A": 0.9767, "C": 0.0078, "G": 0.0078, "T": 0.0078}, {"A": 0.0078, "C": 0.9767, "G": 0.0078, "T": 0.0078}, {"A": 0.1238, "C": 0.0078, "G": 0.8607, "T": 0.0078}, {"A": 0.0078, "C": 0.0078, "G": 0.0078, "T": 0.9767}, {"A": 0.0078, "C": 0.0078, "G": 0.9767, "T": 0.0078}], "Hand1_66": [{"A": 0.5016, "C": 0.1289, "G": 0.2034, "T": 0.1661}, {"A": 0.5295, "C": 0.1568, "G": 0.1196, "T": 0.1941}, {"A": 0.3804, "C": 0.0823, "G": 0.045, "T": 0.4922}, {"A": 0.1941, "C": 0.045, "G": 0.4177, "T": 0.3432}, {"A": 0.045, "C": 0.8649, "G": 0.0823, "T": 0.0078}, {"A": 0.0078, "C": 0.9767, "G": 0.0078, "T": 0.0078}, {"A": 0.9767, "C": 0.0078, "G": 0.0078, "T": 0.0078}, {"A": 0.0078, "C": 0.045, "G": 0.9395, "T": 0.0078}, {"A": 0.8649, "C": 0.045, "G": 0.0823, "T": 0.0078}, {"A": 0.045, "C": 0.5668, "G": 0.0078, "T": 0.3804}, {"A": 0.2686, "C": 0.3432, "G": 0.3432, "T": 0.045}, {"A": 0.1755, "C": 0.6227, "G": 0.0264, "T": 0.1755}], "Atoh8_67": [{"A": 0.4482, "C": 0.1839, "G": 0.3161, "T": 0.0518}, {"A": 0.272, "C": 0.5803, "G": 0.1399, "T": 0.0078}, {"A": 0.0078, "C": 0.9767, "G": 0.0078, "T": 0.0078}, {"A": 0.9767, "C": 0.0078, "G": 0.0078, "T": 0.0078}, {"A": 0.0078, "C": 0.6244, "G": 0.0958, "T": 0.272}, {"A": 0.0078, "C": 0.9767, "G": 0.0078, "T": 0.0078}, {"A": 0.0078, "C": 0.0518, "G": 0.0078, "T": 0.9327}, {"A": 0.0078, "C": 0.0078, "G": 0.9767, "T": 0.0078}, {"A": 0.0518, "C": 0.1839, "G": 0.3161, "T": 0.4482}], "Hand2_68": [{"A": 0.5016, "C": 0.1289, "G": 0.2034, "T": 0.1661}, {"A": 0.5295, "C": 0.1568, "G": 0.1196, "T": 0.1941}, {"A": 0.3804, "C": 0.0823, "G": 0.045, "T": 0.4922}, {"A": 0.1941, "C": 0.045, "G": 0.4177, "T": 0.3432}, {"A": 0.045, "C": 0.8649, "G": 0.0823, "T": 0.0078}, {"A": 0.0078, "C": 0.9767, "G": 0.0078, "T": 0.0078}, {"A": 0.9767, "C": 0.0078, "G": 0.0078, "T": 0.0078}, {"A": 0.0078, "C": 0.045, "G": 0.9395, "T": 0.0078}, {"A": 0.8649, "C": 0.045, "G": 0.0823, "T": 0.0078}, {"A": 0.045, "C": 0.5668, "G": 0.0078, "T": 0.3804}, {"A": 0.2686, "C": 0.3432, "G": 0.3432, "T": 0.045}, {"A": 0.1755, "C": 0.6227, "G": 0.0264, "T": 0.1755}], "Neurod2_69": [{"A": 0.3765, "C": 0.0804, "G": 0.4773, "T": 0.0658}, {"A": 0.3188, "C": 0.5241, "G": 0.1494, "T": 0.0078}, {"A": 0.0078, "C": 0.922, "G": 0.0625, "T": 0.0078}, {"A": 0.7976, "C": 0.0078, "G": 0.161, "T": 0.0336}, {"A": 0.0078, "C": 0.0945, "G": 0.0078, "T": 0.89}, {"A": 0.887, "C": 0.0742, "G": 0.0288, "T": 0.01}, {"A": 0.0078, "C": 0.1737, "G": 0.0078, "T": 0.8108}, {"A": 0.0078, "C": 0.0078, "G": 0.9129, "T": 0.0716}, {"A": 0.0078, "C": 0.23, "G": 0.4279, "T": 0.3343}, {"A": 0.1354, "C": 0.3692, "G": 0.0694, "T": 0.426}], "Mlxip_70": [{"A": 0.0592, "C": 0.2627, "G": 0.4154, "T": 0.2627}, {"A": 0.0081, "C": 0.9756, "G": 0.0081, "T": 0.0081}, {"A": 0.9756, "C": 0.0081, "G": 0.0081, "T": 0.0081}, {"A": 0.0081, "C": 0.9756, "G": 0.0081, "T": 0.0081}, {"A": 0.0081, "C": 0.0081, "G": 0.9756, "T": 0.0081}, {"A": 0.0081, "C": 0.0081, "G": 0.0081, "T": 0.9756}, {"A": 0.0081, "C": 0.0081, "G": 0.9756, "T": 0.0081}, {"A": 0.1896, "C": 0.0688, "G": 0.25, "T": 0.4916}], "Tcfl5_71": [{"A": 0.2629, "C":