{
  "TFAP2B_1": [
    {
      "A": 0.225996181335363,
      "C": 0.240322269935209,
      "G": 0.0626178092179541,
      "T": 0.471063739511474
    },
    {
      "A": 0.139061232337728,
      "C": 0.204325078043054,
      "G": 0.628930876598964,
      "T": 0.0276828130202544
    },
    {
      "A": 0.0141451742740619,
      "C": 0.891408379920568,
      "G": 0.0803012715313079,
      "T": 0.0141451742740619
    },
    {
      "A": 0.00805342903865357,
      "C": 0.966191999151001,
      "G": 0.00775193798449613,
      "T": 0.0180026338258491
    },
    {
      "A": 0.0111037979620691,
      "C": 0.633635610160402,
      "G": 0.0540685485836868,
      "T": 0.301192043293842
    },
    {
      "A": 0.0714573106944557,
      "C": 0.373219602478474,
      "G": 0.214718196692929,
      "T": 0.340604890134141
    },
    {
      "A": 0.403091021261135,
      "C": 0.256172410513764,
      "G": 0.278423569402889,
      "T": 0.0623129988222126
    },
    {
      "A": 0.395958266296134,
      "C": 0.0726561357320462,
      "G": 0.523633659987324,
      "T": 0.00775193798449613
    },
    {
      "A": 0.0322796466118665,
      "C": 0.0127756855346804,
      "G": 0.947192729868957,
      "T": 0.00775193798449612
    },
    {
      "A": 0.0175880732871832,
      "C": 0.118607841260727,
      "G": 0.852862049531587,
      "T": 0.0109420359205028
    },
    {
      "A": 0.0300722401431605,
      "C": 0.779015422358344,
      "G": 0.125176136297469,
      "T": 0.0657362012010264
    },
    {
      "A": 0.569036126956268,
      "C": 0.0653429866900687,
      "G": 0.211910682073034,
      "T": 0.15371020428063
    }
  ],
  "TFAP2D_2": [
    {
      "A": 0.661258337840274,
      "C": 0.0528213448711014,
      "G": 0.233098972417523,
      "T": 0.0528213448711014
    },
    {
      "A": 0.00775193798449612,
      "C": 0.79646655850009,
      "G": 0.188029565530918,
      "T": 0.00775193798449612
    },
    {
      "A": 0.00775193798449612,
      "C": 0.188029565530918,
      "G": 0.79646655850009,
      "T": 0.00775193798449612
    },
    {
      "A": 0.188029565530918,
      "C": 0.390841896520641,
      "G": 0.233098972417523,
      "T": 0.188029565530918
    },
    {
      "A": 0.00775193798449612,
      "C": 0.188029565530918,
      "G": 0.79646655850009,
      "T": 0.00775193798449612
    },
    {
      "A": 0.00775193798449612,
      "C": 0.976744186046512,
      "G": 0.00775193798449612,
      "T": 0.00775193798449612
    },
    {
      "A": 0.00775193798449612,
      "C": 0.976744186046512,
      "G": 0.00775193798449612,
      "T": 0.00775193798449612
    },
    {
      "A": 0.00775193798449612,
      "C": 0.368307193077339,
      "G": 0.233098972417523,
      "T": 0.390841896520641
    },
    {
      "A": 0.00775193798449612,
      "C": 0.976744186046512,
      "G": 0.00775193798449612,
      "T": 0.00775193798449612
    },
    {
      "A": 0.390841896520641,
      "C": 0.00775193798449612,
      "G": 0.593654227510366,
      "T": 0.00775193798449612
    },
    {
      "A": 0.00775193798449612,
      "C": 0.00775193798449612,
      "G": 0.976744186046512,
      "T": 0.00775193798449612
    },
    {
      "A": 0.188029565530918,
      "C": 0.188029565530918,
      "G": 0.616188930953669,
      "T": 0.00775193798449612
    },
    {
      "A": 0.00775193798449612,
      "C": 0.976744186046512,
      "G": 0.00775193798449612,
      "T": 0.00775193798449612
    },
    {
      "A": 0.0528213448711014,
      "C": 0.233098972417523,
      "G": 0.480980710293852,
      "T": 0.233098972417523
    }
  ],
  "TFAP2C_3": [
    {
      "A": 0.20369599075119,
      "C": 0.141115898751094,
      "G": 0.179137248764591,
      "T": 0.476050861733125
    },
    {
      "A": 0.168672174556172,
      "C": 0.101779840922459,
      "G": 0.493405004892822,
      "T": 0.236142979628547
    },
    {
      "A": 0.0083304094231525,
      "C": 0.545309669434074,
      "G": 0.423620314065817,
      "T": 0.0227396070769565
    },
    {
      "A": 0.00775193798449612,
      "C": 0.976744186046512,
      "G": 0.00775193798449612,
      "T": 0.00775193798449612
    },
    {
      "A": 0.00775193798449612,
      "C": 0.966699818338933,
      "G": 0.00775193798449612,
      "T": 0.0177963056920746
    },
    {
      "A": 0.049244116629939,
      "C": 0.0705949715476192,
      "G": 0.00775193798449612,
      "T": 0.872408973837946
    },
    {
      "A": 0.0490863516921239,
      "C": 0.100728074670355,
      "G": 0.785533081414281,
      "T": 0.0646524922232401
    },
    {
      "A": 0.421727134812035,
      "C": 0.0728036806770349,
      "G": 0.497717246526434,
      "T": 0.00775193798449612
    },
    {
      "A": 0.197543158176386,
      "C": 0.00775193798449612,
      "G": 0.786952965854622,
      "T": 0.00775193798449612
    },
    {
      "A": 0.00775193798449612,
      "C": 0.00775193798449612,
      "G": 0.976744186046512,
      "T": 0.00775193798449612
    },
    {
      "A": 0.0567642453324717,
      "C": 0.587958790956829,
      "G": 0.325385346119446,
      "T": 0.0298916175912528
    },
    {
      "A": 0.29178141436477,
      "C": 0.328435468250546,
      "G": 0.113401858008189,
      "T": 0.266381259376495
    },
    {
      "A": 0.443709049480979,
      "C": 0.146742848199835,
      "G": 0.267695967191628,
      "T": 0.141852135127558
    },
    {
      "A": 0.213319651957926,
      "C": 0.183765020273847,
      "G": 0.254548889040339,
      "T": 0.348366438727888
    },
    {
      "A": 0.257546422858837,
      "C": 0.119396925645174,
      "G": 0.362828224694293,
      "T": 0.260228426801696
    }
  ],
  "TFAP2E_4": [
    {
      "A": 0.214354445183405,
      "C": 0.178603768413715,
      "G": 0.139487512780172,
      "T": 0.467554273622708
    },
    {
      "A": 0.222987893553725,
      "C": 0.319356481162736,
      "G": 0.138299144120802,
      "T": 0.319356481162736
    },
    {
      "A": 0.0123872375934223,
      "C": 0.214955320851865,
      "G": 0.738231196044484,
      "T": 0.0344262455102282
    },
    {
      "A": 0.00816941733256014,
      "C": 0.938957264548647,
      "G": 0.00791501703856314,
      "T": 0.0449583010802297
    },
    {
      "A": 0.00803901641797593,
      "C": 0.916438470028036,
      "G": 0.00791107339304868,
      "T": 0.0676114401609396
    },
    {
      "A": 0.00898659301410079,
      "C": 0.325351579889102,
      "G": 0.139486842222293,
      "T": 0.526174984874505
    },
    {
      "A": 0.126779845555792,
      "C": 0.312461169581258,
      "G": 0.387443021058276,
      "T": 0.173315963804675
    },
    {
      "A": 0.4486336450989,
      "C": 0.254600885670595,
      "G": 0.231110102457451,
      "T": 0.0656553667730537
    },
    {
      "A": 0.122582566913209,
      "C": 0.00884990274860862,
      "G": 0.822972129577235,
      "T": 0.0455954007609471
    },
    {
      "A": 0.0105343045000254,
      "C": 0.00935722381818888,
      "G": 0.936002621290826,
      "T": 0.0441058503909593
    }
  ],
  "TFAP2A_5": [
    {
      "A": 0.31918765297956,
      "C": 0.361722542542192,
      "G": 0.058319167207024,
      "T": 0.260770637271225
    },
    {
      "A": 0.0319238130727146,
      "C": 0.178542997001982,
      "G": 0.773488710852149,
      "T": 0.016044479073155
    },
    {
      "A": 0.00775193798449612,
      "C": 0.952021366207925,
      "G": 0.0324747578230827,
      "T": 0.00775193798449612
    },
    {
      "A": 0.00775193798449612,
      "C": 0.926227182576755,
      "G": 0.00965497578643902,
      "T": 0.0563659036523102
    },
    {
      "A": 0.013775058004471,
      "C": 0.308177863829302,
      "G": 0.127849300807025,
      "T": 0.550197777359202
    },
    {
      "A": 0.112720013085412,
      "C": 0.497359550889983,
      "G": 0.302210207789325,
      "T": 0.0877102282352803
    },
    {
      "A": 0.672120328066571,
      "C": 0.189358132526162,
      "G": 0.120548549267662,
      "T": 0.017972990139605
    },
    {
      "A": 0.157579310794085,
      "C": 0.040915309041164,
      "G": 0.793753442180255,
      "T": 0.00775193798449612
    },
    {
      "A": 0.00775193798449612,
      "C": 0.0133771738814854,
      "G": 0.971118950149522,
      "T": 0.00775193798449612
    },
    {
      "A": 0.0133561841953026,
      "C": 0.862128311928728,
      "G": 0.112967141038991,
      "T": 0.0115483628369779
    },
    {
      "A": 0.348213607659639,
      "C": 0.153429370907158,
      "G": 0.244158298429166,
      "T": 0.254198723004037
    }
  ],
  "ARID3A_6": [
    {
      "A": 0.254146034138868,
      "C": 0.0801409912150582,
      "G": 0.0129856550307335,
      "T": 0.65272731961534
    },
    {
      "A": 0.316067653276955,
      "C": 0.00775193798449612,
      "G": 0.0749072741688209,
      "T": 0.601273134569728
    },
    {
      "A": 0.316067653276955,
      "C": 0.0308621719841838,
      "G": 0.139887244538407,
      "T": 0.513182930200454
    },
    {
      "A": 0.645318236754364,
      "C": 0.0958421423537703,
      "G": 0.139887244538407,
      "T": 0.118952376353458
    },
    {
      "A": 0.536293164200141,
      "C": 0.0517970401691332,
      "G": 0.00775193798449613,
      "T": 0.40415785764623
    },
    {
      "A": 0.0517970401691332,
      "C": 0.00775193798449613,
      "G": 0.00775193798449613,
      "T": 0.932699083861875
    },
    {
      "A": 0.204867214907994,
      "C": 0.00775193798449612,
      "G": 0.0517970401691331,
      "T": 0.735583806938377
    },
    {
      "A": 0.272022551092319,
      "C": 0.00775193798449612,
      "G": 0.00775193798449612,
      "T": 0.712473572938689
    },
    {
      "A": 0.225802083092943,
      "C": 0.0517970401691332,
      "G": 0.559403398199829,
      "T": 0.162997478538095
    },
    {
      "A": 0.712473572938689,
      "C": 0.0958421423537703,
      "G": 0.0517970401691332,
      "T": 0.139887244538407
    },
    {
      "A": 0.181756980908306,
      "C": 0.0958421423537703,
      "G": 0.00775193798449612,
      "T": 0.714648938753427
    },
    {
      "A": 0.339177887276644,
      "C": 0.160822112723357,
      "G": 0.0517970401691332,
      "T": 0.448202959830866
    },
    {
      "A": 0.0958421423537702,
      "C": 0.360112755461593,
      "G": 0.0517970401691331,
      "T": 0.492248062015504
    },
    {
      "A": 0.0958421423537703,
      "C": 0.427268091645918,
      "G": 0.183932346723045,
      "T": 0.292957419277267
    },
    {
      "A": 0.360112755461593,
      "C": 0.227977448907681,
      "G": 0.40415785764623,
      "T": 0.00775193798449612
    },
    {
      "A": 0.492248062015504,
      "C": 0.0308621719841838,
      "G": 0.00775193798449613,
      "T": 0.469137828015816
    },
    {
      "A": 0.00775193798449612,
      "C": 0.00775193798449612,
      "G": 0.0727319083540825,
      "T": 0.911764215676925
    },
    {
      "A": 0.00775193798449613,
      "C": 0.00775193798449613,
      "G": 0.0517970401691332,
      "T": 0.932699083861875
    },
    {
      "A": 0.823674011307651,
      "C": 0.00775193798449612,
      "G": 0.00775193798449612,
      "T": 0.160822112723357
    },
    {
      "A": 0.867719113492288,
      "C": 0.00775193798449612,
      "G": 0.00775193798449612,
      "T": 0.11677701053872
    },
    {
      "A": 0.227977448907681,
      "C": 0.00775193798449612,
      "G": 0.0958421423537703,
      "T": 0.668428470754052
    },
    {
      "A": 0.189166063769282,
      "C": 0.323476736137931,
      "G": 0.101075859400008,
      "T": 0.386281340692779
    }
  ],
  "ARID5B_7": [
    {
      "A": 0.00775193798449612,
      "C": 0.136950904392765,
      "G": 0.266149870801034,
      "T": 0.589147286821705
    },
    {
      "A": 0.00775193798449612,
      "C": 0.266149870801034,
      "G": 0.266149870801034,
      "T": 0.459948320413437
    },
    {
      "A": 0.201550387596899,
      "C": 0.0723514211886305,
      "G": 0.459948320413437,
      "T": 0.266149870801034
    },
    {
      "A": 0.201550387596899,
      "C": 0.0723514211886305,
      "G": 0.718346253229974,
      "T": 0.00775193798449613
    },
    {
      "A": 0.00775193798449613,
      "C": 0.00775193798449613,
      "G": 0.0723514211886305,
      "T": 0.912144702842377
    },
    {
      "A": 0.847545219638243,
      "C": 0.0723514211886305,
      "G": 0.0723514211886305,
      "T": 0.00775193798449612
    },
    {
      "A": 0.00775193798449612,
      "C": 0.00775193798449612,
      "G": 0.00775193798449612,
      "T": 0.976744186046512
    },
    {
      "A": 0.00775193798449612,
      "C": 0.00775193798449612,
      "G": 0.00775193798449612,
      "T": 0.976744186046512
    },
    {
      "A": 0.136950904392765,
      "C": 0.136950904392765,
      "G": 0.65374677002584,
      "T": 0.0723514211886305
    },
    {
      "A": 0.136950904392765,
      "C": 0.0723514211886305,
      "G": 0.136950904392765,
      "T": 0.65374677002584
    },
    {
      "A": 0.201550387596899,
      "C": 0.136950904392765,
      "G": 0.589147286821706,
      "T": 0.0723514211886305
    },
    {
      "A": 0.169250645994832,
      "C": 0.330749354005168,
      "G": 0.492248062015504,
      "T": 0.00775193798449612
    },
    {
      "A": 0.395348837209302,
      "C": 0.00775193798449612,
      "G": 0.00775193798449612,
      "T": 0.589147286821705
    },
    {
      "A": 0.00775193798449612,
      "C": 0.201550387596899,
      "G": 0.201550387596899,
      "T": 0.589147286821705
    }
  ],
  "ARID3B_8": [
    {
      "A": 0.461184849828191,
      "C": 0.17960505005727,
      "G": 0.17960505005727,
      "T": 0.17960505005727
    },
    {
      "A": 0.272685326152947,
      "C": 0.0853365103683243,
      "G": 0.0853365103683243,
      "T": 0.556641653110405
    },
    {
      "A": 0.598039923810943,
      "C": 0.123230162210432,
      "G": 0.0404541204030895,
      "T": 0.238275793575535
    },
    {
      "A": 0.108956328239511,
      "C": 0.00788817312066142,
      "G": 0.00788817312066142,
      "T": 0.875267325519167
    },
    {
      "A": 0.00788817312066143,
      "C": 0.00788817312066143,
      "G": 0.00788817312066143,
      "T": 0.976335480638016
    },
    {
      "A": 0.976335480638016,
      "C": 0.00788817312066143,
      "G": 0.00788817312066143,
      "T": 0.00788817312066143
    },
    {
      "A": 0.890446752697185,
      "C": 0.00788817312066142,
      "G": 0.00788817312066142,
      "T": 0.0937769010614922
    },
    {
      "A": 0.0937769010614922,
      "C": 0.00788817312066142,
      "G": 0.00788817312066142,
      "T": 0.890446752697185
    },
    {
      "A": 0.261427462731998,
      "C": 0.170413004310952,
      "G": 0.0782831230633914,
      "T": 0.489876409893659
    },
    {
      "A": 0.482345011742989,
      "C": 0.172551662752337,
      "G": 0.172551662752337,
      "T": 0.172551662752337
    },
    {
      "A": 0.347697841847285,
      "C": 0.217434052717572,
      "G": 0.217434052717572,
      "T": 0.217434052717572
    }
  ],
  "ARID5A_9": [
    {
      "A": 0.227144894621999,
      "C": 0.227144894621999,
      "G": 0.318565316134002,
      "T": 0.227144894621999
    },
    {
      "A": 0.364714413334533,
      "C": 0.17920123951495,
      "G": 0.276883107635567,
      "T": 0.17920123951495
    },
    {
      "A": 0.256823746420877,
      "C": 0.152733385976899,
      "G": 0.0572602045104599,
      "T": 0.533182663091764
    },
    {
      "A": 0.882201293795826,
      "C": 0.00790198463219834,
      "G": 0.101994736939778,
      "T": 0.00790198463219834
    },
    {
      "A": 0.976294046103405,
      "C": 0.00790198463219834,
      "G": 0.00790198463219834,
      "T": 0.00790198463219834
    },
    {
      "A": 0.00790198463219834,
      "C": 0.00790198463219834,
      "G": 0.00790198463219834,
      "T": 0.976294046103405
    },
    {
      "A": 0.976294046103405,
      "C": 0.00790198463219834,
      "G": 0.00790198463219834,
      "T": 0.00790198463219834
    },
    {
      "A": 0.00790198463219834,
      "C": 0.00790198463219834,
      "G": 0.00790198463219834,
      "T": 0.976294046103405
    },
    {
      "A": 0.0307570900101991,
      "C": 0.0307570900101991,
      "G": 0.0307570900101991,
      "T": 0.907728729969403
    },
    {
      "A": 0.179959725319085,
      "C": 0.078700745117248,
      "G": 0.459561150046816,
      "T": 0.281778379516851
    },
    {
      "A": 0.300344776586903,
      "C": 0.200641780121739,
      "G": 0.200641780121739,
      "T": 0.298371663169619
    }
  ],
  "ARID3C_10": [
    {
      "A": 0.264709519324757,
      "C": 0.187025159300966,
      "G": 0.20390808650299,
      "T": 0.344357234871287
    },
    {
      "A": 0.187399070815743,
      "C": 0.189204554516583,
      "G": 0.11244099069545,
      "T": 0.510955383972223
    },
    {
      "A": 0.154327004860129,
      "C": 0.144417624493253,
      "G": 0.105026517786993,
      "T": 0.596228852859625
    },
    {
      "A": 0.100697306940827,
      "C": 0.142312165886823,
      "G": 0.0624600440656772,
      "T": 0.694530483106673
    },
    {
      "A": 0.351185734414276,
      "C": 0.117588598838473,
      "G": 0.331185707099533,
      "T": 0.200039959647719
    },
    {
      "A": 0.724017641842759,
      "C": 0.0990428454724979,
      "G": 0.0631226723336341,
      "T": 0.113816840351109
    },
    {
      "A": 0.0303092900557575,
      "C": 0.0314658302275907,
      "G": 0.0271672308397509,
      "T": 0.911057648876901
    },
    {
      "A": 0.284818705737964,
      "C": 0.246225514998256,
      "G": 0.0946085408740329,
      "T": 0.374347238389748
    },
    {
      "A": 0.253961023136434,
      "C": 0.232770099005371,
      "G": 0.266584432867726,
      "T": 0.246684444990469
    }
  ],
  "ARID2_11": [
    {
      "A": 0.301953111434805,
      "C": 0.260955390625741,
      "G": 0.303195883028416,
      "T": 0.133895614911037
    },
    {
      "A": 0.0289011797906895,
      "C": 0.0289011797906895,
      "G": 0.0289011797906895,
      "T": 0.913296460627931
    },
    {
      "A": 0.552799753738263,
      "C": 0.00787785937267949,
      "G": 0.431444527516378,
      "T": 0.00787785937267949
    },
    {
      "A": 0.00787785937267949,
      "C": 0.00787785937267949,
      "G": 0.976366421881962,
      "T": 0.00787785937267949
    },
    {
      "A": 0.00787785937267948,
      "C": 0.892273140209921,
      "G": 0.00787785937267948,
      "T": 0.0919711410447196
    },
    {
      "A": 0.976366421881962,
      "C": 0.00787785937267949,
      "G": 0.00787785937267949,
      "T": 0.00787785937267949
    },
    {
      "A": 0.976366421881962,
      "C": 0.00787785937267949,
      "G": 0.00787785937267949,
      "T": 0.00787785937267949
    },
    {
      "A": 0.00787785937267949,
      "C": 0.976366421881962,
      "G": 0.00787785937267949,
      "T": 0.00787785937267949
    },
    {
      "A": 0.123982244461642,
      "C": 0.402146084180174,
      "G": 0.349889426896542,
      "T": 0.123982244461642
    },
    {
      "A": 0.31306996125403,
      "C": 0.22897667958199,
      "G": 0.22897667958199,
      "T": 0.22897667958199
    }
  ],
  "HMGA1_12": [
    {
      "A": 0.555720380323914,
      "C": 0.12111516151349,
      "G": 0.116680414382772,
      "T": 0.206484043779824
    },
    {
      "A": 0.594247246022031,
      "C": 0.0986642541642277,
      "G": 0.0676210242491973,
      "T": 0.239467475564544
    },
    {
      "A": 0.946809642914161,
      "C": 0.00775193798449612,
      "G": 0.017730119028613,
      "T": 0.0277083000727298
    },
    {
      "A": 0.976744186046512,
      "C": 0.00775193798449612,
      "G": 0.00775193798449612,
      "T": 0.00775193798449612
    },
    {
      "A": 0.116403242687102,
      "C": 0.00775193798449612,
      "G": 0.0465559753782839,
      "T": 0.829288843950118
    },
    {
      "A": 0.588703812108633,
      "C": 0.00775193798449613,
      "G": 0.0886860731201107,
      "T": 0.31485817678676
    },
    {
      "A": 0.205929700388484,
      "C": 0.351167668919518,
      "G": 0.182647277952211,
      "T": 0.260255352739787
    }
  ],
  "HMGA2_13": [
    {
      "A": 0.928932068543452,
      "C": 0.0236893104855161,
      "G": 0.0236893104855161,
      "T": 0.0236893104855161
    },
    {
      "A": 0.708996328029375,
      "C": 0.00775193798449611,
      "G": 0.00775193798449611,
      "T": 0.275499796001632
    },
    {
      "A": 0.160750713994288,
      "C": 0.00775193798449612,
      "G": 0.00775193798449612,
      "T": 0.82374541003672
    },
    {
      "A": 0.581497348021216,
      "C": 0.00775193798449612,
      "G": 0.00775193798449612,
      "T": 0.402998776009792
    },
    {
      "A": 0.517747858017136,
      "C": 0.0332517339861281,
      "G": 0.0205018359853121,
      "T": 0.428498572011424
    },
    {
      "A": 0.173500611995104,
      "C": 0.275499796001632,
      "G": 0.12250101999184,
      "T": 0.428498572011424
    },
    {
      "A": 0.00775193798449611,
      "C": 0.543247654018768,
      "G": 0.390248878008976,
      "T": 0.0587515299877601
    },
    {
      "A": 0.0332517339861281,
      "C": 0.326499388004896,
      "G": 0.606997144022848,
      "T": 0.0332517339861281
    },
    {
      "A": 0.00775193798449611,
      "C": 0.492248062015504,
      "G": 0.428498572011424,
      "T": 0.0715014279885761
    },
    {
      "A": 0.0332517339861281,
      "C": 0.415748674010608,
      "G": 0.530497756017952,
      "T": 0.0205018359853121
    },
    {
      "A": 0.925744594043247,
      "C": 0.00775193798449612,
      "G": 0.0460016319869442,
      "T": 0.0205018359853121
    },
    {
      "A": 0.772745818033456,
      "C": 0.0205018359853121,
      "G": 0.00775193798449612,
      "T": 0.199000407996736
    },
    {
      "A": 0.0332517339861281,
      "C": 0.0205018359853121,
      "G": 0.00775193798449612,
      "T": 0.938494492044064
    },
    {
      "A": 0.772745818033456,
      "C": 0.00775193798449612,
      "G": 0.0205018359853121,
      "T": 0.199000407996736
    },
    {
      "A": 0.0268767849857201,
      "C": 0.0268767849857201,
      "G": 0.0268767849857201,
      "T": 0.91936964504284
    }
  ],
  "MAX_14": [
    {
      "A": 0.244091085271318,
      "C": 0.194853682170543,
      "G": 0.395743217054264,
      "T": 0.165312015503876
    },
    {
      "A": 0.34847480620155,
      "C": 0.0786540697674419,
      "G": 0.490278100775194,
      "T": 0.082593023255814
    },
    {
      "A": 0.458766021854133,
      "C": 0.078653998865381,
      "G": 0.444980182926794,
      "T": 0.0175997963536921
    },
    {
      "A": 0.177128706592224,
      "C": 0.259847616121376,
      "G": 0.24999975775218,
      "T": 0.31302391953422
    },
    {
      "A": 0.00775193798449612,
      "C": 0.976744186046512,
      "G": 0.00775193798449612,
      "T": 0.00775193798449612
    },
    {
      "A": 0.970835271317829,
      "C": 0.00775193798449612,
      "G": 0.0136608527131783,
      "T": 0.00775193798449612
    },
    {
      "A": 0.00775193798449612,
      "C": 0.976744186046512,
      "G": 0.00775193798449612,
      "T": 0.00775193798449612
    },
    {
      "A": 0.0766841085271318,
      "C": 0.00775193798449612,
      "G": 0.907812015503876,
      "T": 0.00775193798449612
    },
    {
      "A": 0.00775193798449612,
      "C": 0.0116908914728682,
      "G": 0.00972189922480621,
      "T": 0.970835271317829
    },
    {
      "A": 0.00775193798449612,
      "C": 0.0097218992248062,
      "G": 0.974774224806202,
      "T": 0.00775193798449612
    },
    {
      "A": 0.078653998865381,
      "C": 0.200762403888759,
      "G": 0.567088587950172,
      "T": 0.153495009295688
    }
  ],
  "MLXIPL_15": [
    {
      "A": 0.479264385913121,
      "C": 0.0501197231606915,
      "G": 0.308426542460721,
      "T": 0.162189348465466
    },
    {
      "A": 0.169464551568356,
      "C": 0.0436880743364649,
      "G": 0.178448585656348,
      "T": 0.608398788438832
    },
    {
      "A": 0.00775193798449612,
      "C": 0.953522149600581,
      "G": 0.0309739744304267,
      "T": 0.00775193798449612
    },
    {
      "A": 0.960517043136382,
      "C": 0.00775193798449613,
      "G": 0.0123882645302474,
      "T": 0.0193427543488743
    },
    {
      "A": 0.0119107029976378,
      "C": 0.94763283095452,
      "G": 0.0327045280633463,
      "T": 0.00775193798449613
    },
    {
      "A": 0.0333527899808506,
      "C": 0.0103120231841316,
      "G": 0.948583248850522,
      "T": 0.00775193798449613
    },
    {
      "A": 0.00775193798449612,
      "C": 0.00775193798449612,
      "G": 0.0128970295671263,
      "T": 0.971599094463881
    },
    {
      "A": 0.00775193798449612,
      "C": 0.00775193798449612,
      "G": 0.976744186046512,
      "T": 0.00775193798449612
    },
    {
      "A": 0.525711758269898,
      "C": 0.167795702679423,
      "G": 0.13433200642503,
      "T": 0.172160532625649
    },
    {
      "A": 0.172028265051521,
      "C": 0.223215816239072,
      "G": 0.0708435708435708,
      "T": 0.533912347865836
    }
  ],
  "ARNTL2_16": [
    {
      "A": 0.250899860467673,
      "C": 0.22997240697916,
      "G": 0.260822915425773,
      "T": 0.258304817127395
    },
    {
      "A": 0.246038424747861,
      "C": 0.128471921243778,
      "G": 0.548781367391965,
      "T": 0.076708286616396
    },
    {
      "A": 0.0675270468516555,
      "C": 0.0502980865184872,
      "G": 0.146213026178237,
      "T": 0.73596184045162
    },
    {
      "A": 0.010398869084986,
      "C": 0.973980963558595,
      "G": 0.00778749566473299,
      "T": 0.00783267169168577
    },
    {
      "A": 0.931225713134274,
      "C": 0.0233655391297729,
      "G": 0.0176085490357432,
      "T": 0.0278001987002099
    },
    {
      "A": 0.00963078137372702,
      "C": 0.942854642796013,
      "G": 0.0168736396130138,
      "T": 0.0306409362172458
    },
    {
      "A": 0.0543202752603924,
      "C": 0.0103400297991677,
      "G": 0.92458082326241,
      "T": 0.0107588716780302
    },
    {
      "A": 0.0600995563909736,
      "C": 0.0638951869939535,
      "G": 0.0575465329156932,
      "T": 0.81845872369938
    },
    {
      "A": 0.0168912843453725,
      "C": 0.0117371434431602,
      "G": 0.916973555404583,
      "T": 0.0543980168068838
    },
    {
      "A": 0.25498103293154,
      "C": 0.328390789506387,
      "G": 0.148971437878741,
      "T": 0.267656739683332
    }
  ],
  "AHRR_17": [
    {
      "A": 0.330749354005168,
      "C": 0.00775193798449612,
      "G": 0.00775193798449612,
      "T": 0.65374677002584
    },
    {
      "A": 0.00775193798449612,
      "C": 0.546080964685616,
      "G": 0.330749354005168,
      "T": 0.11541774332472
    },
    {
      "A": 0.11541774332472,
      "C": 0.11541774332472,
      "G": 0.11541774332472,
      "T": 0.65374677002584
    },
    {
      "A": 0.00775193798449612,
      "C": 0.976744186046512,
      "G": 0.00775193798449612,
      "T": 0.00775193798449612
    },
    {
      "A": 0.976744186046512,
      "C": 0.00775193798449612,
      "G": 0.00775193798449612,
      "T": 0.00775193798449612
    },
    {
      "A": 0.00775193798449612,
      "C": 0.976744186046512,
      "G": 0.00775193798449612,
      "T": 0.00775193798449612
    },
    {
      "A": 0.00775193798449612,
      "C": 0.00775193798449612,
      "G": 0.976744186046512,
      "T": 0.00775193798449612
    },
    {
      "A": 0.00775193798449612,
      "C": 0.976744186046512,
      "G": 0.00775193798449612,
      "T": 0.00775193798449612
    },
    {
      "A": 0.330749354005168,
      "C": 0.11541774332472,
      "G": 0.223083548664944,
      "T": 0.330749354005168
    },
    {
      "A": 0.976744186046512,
      "C": 0.00775193798449612,
      "G": 0.00775193798449612,
      "T": 0.00775193798449612
    },
    {
      "A": 0.00775193798449612,
      "C": 0.438415159345391,
      "G": 0.546080964685616,
      "T": 0.00775193798449612
    },
    {
      "A": 0.11541774332472,
      "C": 0.438415159345392,
      "G": 0.11541774332472,
      "T": 0.330749354005168
    },
    {
      "A": 0.00775193798449612,
      "C": 0.546080964685616,
      "G": 0.00775193798449612,
      "T": 0.438415159345391
    },
    {
      "A": 0.11541774332472,
      "C": 0.330749354005168,
      "G": 0.330749354005168,
      "T": 0.223083548664944
    },
    {
      "A": 0.00775193798449612,
      "C": 0.223083548664944,
      "G": 0.761412575366064,
      "T": 0.00775193798449612
    },
    {
      "A": 0.330749354005168,
      "C": 0.11541774332472,
      "G": 0.546080964685616,
      "T": 0.00775193798449612
    },
    {
      "A": 0.330749354005168,
      "C": 0.00775193798449612,
      "G": 0.65374677002584,
      "T": 0.00775193798449612
    },
    {
      "A": 0.11541774332472,
      "C": 0.223083548664944,
      "G": 0.65374677002584,
      "T": 0.00775193798449612
    }
  ],
  "TFE3_18": [
    {
      "A": 0.275397514662206,
      "C": 0.10565634147126,
      "G": 0.508800004288763,
      "T": 0.110146139577771
    },
    {
      "A": 0.0798567553368287,
      "C": 0.10833681795276,
      "G": 0.22125188973592,
      "T": 0.590554536974492
    },
    {
      "A": 0.0163604934582925,
      "C": 0.965288185300613,
      "G": 0.010599383256598,
      "T": 0.00775193798449612
    },
    {
      "A": 0.766778368481611,
      "C": 0.0366747293540611,
      "G": 0.0742586106981783,
      "T": 0.122288291466149
    },
    {
      "A": 0.00775193798449612,
      "C": 0.789432713826992,
      "G": 0.041808569297136,
      "T": 0.161006778891376
    },
    {
      "A": 0.0981367271860139,
      "C": 0.0173673410910406,
      "G": 0.876743993738449,
      "T": 0.00775193798449612
    },
    {
      "A": 0.0976055801437405,
      "C": 0.0565371801686035,
      "G": 0.0738207925133522,
      "T": 0.772036447174304
    },
    {
      "A": 0.00775193798449612,
      "C": 0.00828773684988845,
      "G": 0.976208387181119,
      "T": 0.00775193798449612
    },
    {
      "A": 0.378260799639744,
      "C": 0.188080993277365,
      "G": 0.265613775504734,
      "T": 0.168044431578157
    },
    {
      "A": 0.093058102008213,
      "C": 0.266350906537146,
      "G": 0.220983842087769,
      "T": 0.419607149366871
    }
  ],
  "HES2_19": [
    {
      "A": 0.215355304427811,
      "C": 0.215355304427811,
      "G": 0.215355304427811,
      "T": 0.353934086716566
    },
    {
      "A": 0.338228709808848,
      "C": 0.198875438016685,
      "G": 0.198875438016685,
      "T": 0.264020414157782
    },
    {
      "A": 0.338228709808848,
      "C": 0.198875438016685,
      "G": 0.198875438016685,
      "T": 0.264020414157782
    },
    {
      "A": 0.245520395789689,
      "C": 0.330132767778849,
      "G": 0.244745906286279,
      "T": 0.179600930145182
    },
    {
      "A": 0.0881059925678606,
      "C": 0.155351312108487,
      "G": 0.668436702755792,
      "T": 0.0881059925678606
    },
    {
      "A": 0.59201631789449,
      "C": 0.00790487605175668,
      "G": 0.392173930001996,
      "T": 0.00790487605175668
    },
    {
      "A": 0.280539312582395,
      "C": 0.703650935314092,
      "G": 0.00790487605175668,
      "T": 0.00790487605175668
    },
    {
      "A": 0.909040052304104,
      "C": 0.00790487605175667,
      "G": 0.0751501955923824,
      "T": 0.00790487605175667
    },
    {
      "A": 0.17660522586583,
      "C": 0.73829563088628,
      "G": 0.042549571623945,
      "T": 0.042549571623945
    },
    {
      "A": 0.12716562663245,
      "C": 0.0590294380350717,
      "G": 0.754775497297406,
      "T": 0.0590294380350717
    },
    {
      "A": 0.0590294380350718,
      "C": 0.0590294380350718,
      "G": 0.0590294380350718,
      "T": 0.822911685894785
    },
    {
      "A": 0.146440134503953,
      "C": 0.0783039459065742,
      "G": 0.696951973682899,
      "T": 0.0783039459065742
    },
    {
      "A": 0.237935072081275,
      "C": 0.422467160950935,
      "G": 0.169798883483896,
      "T": 0.169798883483896
    }
  ],
  "MNT_20": [
    {
      "A": 0.404739951507701,
      "C": 0.189882639529192,
      "G": 0.214071873328097,
      "T": 0.19130553563501
    },
    {
      "A": 0.273833509772451,
      "C": 0.332172250110985,
      "G": 0.296599847465538,
      "T": 0.0973943926510262
    },
    {
      "A": 0.0444458940822162,
      "C": 0.933255052893658,
      "G": 0.00775193798449612,
      "T": 0.0145471150396295
    },
    {
      "A": 0.947757238454913,
      "C": 0.00775193798449612,
      "G": 0.00775193798449612,
      "T": 0.0367388855760949
    },
    {
      "A": 0.00775193798449613,
      "C": 0.945086768851304,
      "G": 0.0173868040873855,
      "T": 0.0297744890768146
    },
    {
      "A": 0.0286353916065223,
      "C": 0.00775193798449612,
      "G": 0.955860732424485,
      "T": 0.00775193798449612
    },
    {
      "A": 0.00775193798449612,
      "C": 0.00775193798449612,
      "G": 0.0286353916065223,
      "T": 0.955860732424485
    },
    {
      "A": 0.00775193798449612,
      "C": 0.00775193798449612,
      "G": 0.942431429387092,
      "T": 0.0420646946439159
    },
    {
      "A": 0.220873400168224,
      "C": 0.406999477142013,
      "G": 0.193878014958285,
      "T": 0.178249107731479
    },
    {
      "A": 0.233660687899247,
      "C": 0.333117370251654,
      "G": 0.11431266907636,
      "T": 0.318909272772738
    }
  ],
  "TCF3_21": [
    {
      "A": 0.162790697674419,
      "C": 0.22093023255814,
      "G": 0.366279069767442,
      "T": 0.25
    },
    {
      "A": 0.153100775193798,
      "C": 0.24031007751938,
      "G": 0.26937984496124,
      "T": 0.337209302325581
    },
    {
      "A": 0.0949612403100775,
      "C": 0.114341085271318,
      "G": 0.453488372093023,
      "T": 0.337209302325581
    },
    {
      "A": 0.676356589147287,
      "C": 0.0852713178294574,
      "G": 0.0368217054263566,
      "T": 0.201550387596899
    },
    {
      "A": 0.618217054263566,
      "C": 0.133720930232558,
      "G": 0.24031007751938,
      "T": 0.00775193798449612
    },
    {
      "A": 0.00775193798449612,
      "C": 0.976744186046512,
      "G": 0.00775193798449612,
      "T": 0.00775193798449612
    },
    {
      "A": 0.976744186046512,
      "C": 0.00775193798449612,
      "G": 0.00775193798449612,
      "T": 0.00775193798449612
    },
    {
      "A": 0.00775193798449612,
      "C": 0.821705426356589,
      "G": 0.162790697674419,
      "T": 0.00775193798449612
    },
    {
      "A": 0.0368217054263566,
      "C": 0.89922480620155,
      "G": 0.0562015503875969,
      "T": 0.00775193798449612
    },
    {
      "A": 0.00775193798449612,
      "C": 0.00775193798449612,
      "G": 0.00775193798449612,
      "T": 0.976744186046512
    },
    {
      "A": 0.00775193798449612,
      "C": 0.00775193798449612,
      "G": 0.976744186046512,
      "T": 0.00775193798449612
    },
    {
      "A": 0.0368217054263566,
      "C": 0.327519379844961,
      "G": 0.143410852713178,
      "T": 0.492248062015504
    },
    {
      "A": 0.172480620155039,
      "C": 0.0755813953488372,
      "G": 0.25968992248062,
      "T": 0.492248062015504
    },
    {
      "A": 0.356589147286822,
      "C": 0.298449612403101,
      "G": 0.172480620155039,
      "T": 0.172480620155039
    },
    {
      "A": 0.308139534883721,
      "C": 0.143410852713178,
      "G": 0.24031007751938,
      "T": 0.308139534883721
    },
    {
      "A": 0.17414454623757,
      "C": 0.17414454623757,
      "G": 0.242659149635893,
      "T": 0.409051757888967
    }
  ],
  "SREBF1_22": [
    {
      "A": 0.425421010425019,
      "C": 0.124699278267839,
      "G": 0.442127773322645,
      "T": 0.00775193798449612
    },
    {
      "A": 0.00775193798449612,
      "C": 0.00775193798449612,
      "G": 0.00775193798449612,
      "T": 0.976744186046512
    },
    {
      "A": 0.00775193798449612,
      "C": 0.191526329858324,
      "G": 0.759556268377442,
      "T": 0.0411654637797384
    },
    {
      "A": 0.241646618551192,
      "C": 0.00775193798449612,
      "G": 0.742849505479816,
      "T": 0.00775193798449612
    },
    {
      "A": 0.0244587008821173,
      "C": 0.224939855653567,
      "G": 0.642608928094092,
      "T": 0.107992515370224
    },
    {
      "A": 0.00775193798449612,
      "C": 0.124699278267839,
      "G": 0.859796845763169,
      "T": 0.00775193798449612
    },
    {
      "A": 0.00775193798449612,
      "C": 0.00775193798449612,
      "G": 0.00775193798449612,
      "T": 0.976744186046512
    },
    {
      "A": 0.00775193798449612,
      "C": 0.00775193798449612,
      "G": 0.976744186046512,
      "T": 0.00775193798449612
    },
    {
      "A": 0.976744186046512,
      "C": 0.00775193798449612,
      "G": 0.00775193798449612,
      "T": 0.00775193798449612
    },
    {
      "A": 0.00775193798449612,
      "C": 0.275060144346431,
      "G": 0.24164661855119,
      "T": 0.475541299117883
    }
  ],
  "TFAP4_23": [
    {
      "A": 0.395348837209302,
      "C": 0.201550387596899,
      "G": 0.201550387596899,
      "T": 0.201550387596899
    },
    {
      "A": 0.201550387596899,
      "C": 0.589147286821705,
      "G": 0.201550387596899,
      "T": 0.00775193798449612
    },
    {
      "A": 0.00775193798449612,
      "C": 0.782945736434109,
      "G": 0.201550387596899,
      "T": 0.00775193798449612
    },
    {
      "A": 0.782945736434109,
      "C": 0.201550387596899,
      "G": 0.00775193798449612,
      "T": 0.00775193798449612
    },
    {
      "A": 0.00775193798449612,
      "C": 0.00775193798449612,
      "G": 0.976744186046512,
      "T": 0.00775193798449612
    },
    {
      "A": 0.00775193798449612,
      "C": 0.976744186046512,
      "G": 0.00775193798449612,
      "T": 0.00775193798449612
    },
    {
      "A": 0.00775193798449612,
      "C": 0.00775193798449612,
      "G": 0.00775193798449612,
      "T": 0.976744186046512
    },
    {
      "A": 0.00775193798449612,
      "C": 0.00775193798449612,
      "G": 0.976744186046512,
      "T": 0.00775193798449612
    },
    {
      "A": 0.395348837209302,
      "C": 0.201550387596899,
      "G": 0.00775193798449612,
      "T": 0.395348837209302
    },
    {
      "A": 0.00775193798449612,
      "C": 0.201550387596899,
      "G": 0.589147286821705,
      "T": 0.201550387596899
    }
  ],
  "HIF1A_24": [
    {
      "A": 0.103600500109136,
      "C": 0.300572930758761,
      "G": 0.499311037549692,
      "T": 0.0965155315824109
    },
    {
      "A": 0.115342819866848,
      "C": 0.352541160100119,
      "G": 0.344518986862725,
      "T": 0.187597033170308
    },
    {
      "A": 0.138952369532102,
      "C": 0.360550601099758,
      "G": 0.459706367409211,
      "T": 0.0407906619589292
    },
    {
      "A": 0.0796771973498773,
      "C": 0.200434225739232,
      "G": 0.216472542467794,
      "T": 0.503416034443096
    },
    {
      "A": 0.831209208163696,
      "C": 0.00875154899396474,
      "G": 0.149288471829437,
      "T": 0.010750771012902
    },
    {
      "A": 0.00775193798449612,
      "C": 0.975744575037043,
      "G": 0.00775193798449612,
      "T": 0.00875154899396474
    },
    {
      "A": 0.00775193798449612,
      "C": 0.00975116000343336,
      "G": 0.973745353018106,
      "T": 0.00875154899396474
    },
    {
      "A": 0.00775193798449612,
      "C": 0.00775193798449612,
      "G": 0.00775193798449612,
      "T": 0.976744186046512
    },
    {
      "A": 0.00775193798449612,
      "C": 0.00775193798449612,
      "G": 0.976744186046512,
      "T": 0.00775193798449612
    },
    {
      "A": 0.209525486075349,
      "C": 0.580235901959311,
      "G": 0.108302447743069,
      "T": 0.101936164222271
    },
    {
      "A": 0.139783654097263,
      "C": 0.263497089559223,
      "G": 0.459008081535493,
      "T": 0.137711174808021
    },
    {
      "A": 0.0683922572178725,
      "C": 0.306749449904303,
      "G": 0.386890841977755,
      "T": 0.23796745090007
    }
  ],
  "TCFL5_25": [
    {
      "A": 0.26291159903167,
      "C": 0.204066252118394,
      "G": 0.306151540784859,
      "T": 0.226870608065077
    },
    {
      "A": 0.117381893187903,
      "C": 0.227403129641781,
      "G": 0.360886234588986,
      "T": 0.29432874258133
    },
    {
      "A": 0.0641023299543857,
      "C": 0.854855717781819,
      "G": 0.0241656443662114,
      "T": 0.0568763078975838
