{
  "SIX5_1": [
    {
      "A": 0.0159990310077519,
      "C": 0.011875,
      "G": 0.964374031007752,
      "T": 0.00775193798449612
    },
    {
      "A": 0.881906007751938,
      "C": 0.0201220930232558,
      "G": 0.0448624031007752,
      "T": 0.053109496124031
    },
    {
      "A": 0.448952519379845,
      "C": 0.0778488372093023,
      "G": 0.34174515503876,
      "T": 0.131453488372093
    },
    {
      "A": 0.251031007751938,
      "C": 0.090218992248062,
      "G": 0.090218992248062,
      "T": 0.568531007751938
    },
    {
      "A": 0.00775193798449612,
      "C": 0.053109496124031,
      "G": 0.0201220930232558,
      "T": 0.919016472868217
    },
    {
      "A": 0.00775193798449612,
      "C": 0.00775193798449612,
      "G": 0.976744186046512,
      "T": 0.00775193798449612
    },
    {
      "A": 0.0448624031007752,
      "C": 0.0283691860465116,
      "G": 0.0366153100775194,
      "T": 0.890153100775194
    },
    {
      "A": 0.923140503875969,
      "C": 0.011875,
      "G": 0.0572325581395349,
      "T": 0.00775193798449612
    },
    {
      "A": 0.00775193798449612,
      "C": 0.00775193798449612,
      "G": 0.976744186046512,
      "T": 0.00775193798449612
    },
    {
      "A": 0.00775193798449612,
      "C": 0.00775193798449612,
      "G": 0.0201220930232558,
      "T": 0.964374031007752
    }
  ],
  "MYC_2": [
    {
      "A": 0.175887596899225,
      "C": 0.109518410852713,
      "G": 0.706842054263566,
      "T": 0.00775193798449612
    },
    {
      "A": 0.00775193798449612,
      "C": 0.00775193798449612,
      "G": 0.00775193798449612,
      "T": 0.976744186046512
    },
    {
      "A": 0.00775193798449612,
      "C": 0.976744186046512,
      "G": 0.00775193798449612,
      "T": 0.00775193798449612
    },
    {
      "A": 0.976744186046512,
      "C": 0.00775193798449612,
      "G": 0.00775193798449612,
      "T": 0.00775193798449612
    },
    {
      "A": 0.00775193798449612,
      "C": 0.936922480620155,
      "G": 0.00775193798449612,
      "T": 0.0475736434108527
    },
    {
      "A": 0.0652722868217054,
      "C": 0.00775193798449612,
      "G": 0.919223837209302,
      "T": 0.00775193798449612
    },
    {
      "A": 0.00775193798449612,
      "C": 0.00775193798449612,
      "G": 0.00775193798449612,
      "T": 0.976744186046512
    },
    {
      "A": 0.00775193798449612,
      "C": 0.00775193798449612,
      "G": 0.976744186046512,
      "T": 0.00775193798449612
    },
    {
      "A": 0.976744186046512,
      "C": 0.00775193798449612,
      "G": 0.00775193798449612,
      "T": 0.00775193798449612
    },
    {
      "A": 0.00775193798449612,
      "C": 0.711267441860465,
      "G": 0.118367248062016,
      "T": 0.162613372093023
    }
  ],
  "SRF_3": [
    {
      "A": 0.00775193798449612,
      "C": 0.976744186046512,
      "G": 0.00775193798449612,
      "T": 0.00775193798449612
    },
    {
      "A": 0.00775193798449612,
      "C": 0.976744186046512,
      "G": 0.00775193798449612,
      "T": 0.00775193798449612
    },
    {
      "A": 0.487882751937985,
      "C": 0.00775193798449612,
      "G": 0.00775193798449612,
      "T": 0.496613372093023
    },
    {
      "A": 0.260911821705426,
      "C": 0.00775193798449612,
      "G": 0.00775193798449612,
      "T": 0.723584302325581
    },
    {
      "A": 0.976744186046512,
      "C": 0.00775193798449612,
      "G": 0.00775193798449612,
      "T": 0.00775193798449612
    },
    {
      "A": 0.00775193798449612,
      "C": 0.00775193798449612,
      "G": 0.00775193798449612,
      "T": 0.976744186046512
    },
    {
      "A": 0.714854651162791,
      "C": 0.00775193798449612,
      "G": 0.00775193798449612,
      "T": 0.269641472868217
    },
    {
      "A": 0.496613372093023,
      "C": 0.00775193798449612,
      "G": 0.00775193798449612,
      "T": 0.487882751937985
    },
    {
      "A": 0.00775193798449612,
      "C": 0.00775193798449612,
      "G": 0.976744186046512,
      "T": 0.00775193798449612
    },
    {
      "A": 0.00775193798449612,
      "C": 0.00775193798449612,
      "G": 0.976744186046512,
      "T": 0.00775193798449612
    }
  ],
  "AP1_4": [
    {
      "A": 0.413051356589147,
      "C": 0.170803294573643,
      "G": 0.408393410852713,
      "T": 0.00775193798449612
    },
    {
      "A": 0.00775193798449612,
      "C": 0.00775193798449612,
      "G": 0.00775193798449612,
      "T": 0.976744186046512
    },
    {
      "A": 0.00775193798449612,
      "C": 0.00775193798449612,
      "G": 0.906865310077519,
      "T": 0.0776308139534884
    },
    {
      "A": 0.958109496124031,
      "C": 0.00775193798449612,
      "G": 0.0263866279069767,
      "T": 0.00775193798449612
    },
    {
      "A": 0.0124108527131783,
      "C": 0.916181201550388,
      "G": 0.0263866279069767,
      "T": 0.0450213178294574
    },
    {
      "A": 0.0869486434108527,
      "C": 0.0403624031007752,
      "G": 0.860278100775194,
      "T": 0.0124108527131783
    },
    {
      "A": 0.00775193798449612,
      "C": 0.00775193798449612,
      "G": 0.00775193798449612,
      "T": 0.976744186046512
    },
    {
      "A": 0.0776308139534884,
      "C": 0.906865310077519,
      "G": 0.00775193798449612,
      "T": 0.00775193798449612
    },
    {
      "A": 0.97208527131783,
      "C": 0.00775193798449612,
      "G": 0.00775193798449612,
      "T": 0.0124108527131783
    },
    {
      "A": 0.0124108527131783,
      "C": 0.454978682170543,
      "G": 0.100924418604651,
      "T": 0.431686046511628
    }
  ],
  "SIX5_5": [
    {
      "A": 0.00775193798449612,
      "C": 0.00775193798449612,
      "G": 0.976744186046512,
      "T": 0.00775193798449612
    },
    {
      "A": 0.00775193798449612,
      "C": 0.00775193798449612,
      "G": 0.976744186046512,
      "T": 0.00775193798449612
    },
    {
      "A": 0.00775193798449612,
      "C": 0.00775193798449612,
      "G": 0.976744186046512,
      "T": 0.00775193798449612
    },
    {
      "A": 0.92490503875969,
      "C": 0.00775193798449612,
      "G": 0.00775193798449612,
      "T": 0.0595910852713178
    },
    {
      "A": 0.458353231569249,
      "C": 0.0755415988770058,
      "G": 0.358662439787173,
      "T": 0.107442729766573
    },
    {
      "A": 0.290873062015504,
      "C": 0.0954796511627907,
      "G": 0.0994670542635659,
      "T": 0.51418023255814
    },
    {
      "A": 0.00775193798449612,
      "C": 0.083516472868217,
      "G": 0.00775193798449612,
      "T": 0.900979651162791
    },
    {
      "A": 0.00775193798449612,
      "C": 0.00775193798449612,
      "G": 0.976744186046512,
      "T": 0.00775193798449612
    },
    {
      "A": 0.00775193798449612,
      "C": 0.00775193798449612,
      "G": 0.00775193798449612,
      "T": 0.976744186046512
    },
    {
      "A": 0.976744186046512,
      "C": 0.00775193798449612,
      "G": 0.00775193798449612,
      "T": 0.00775193798449612
    }
  ],
  "NFY_6": [
    {
      "A": 0.124497945269497,
      "C": 0.47084449814775,
      "G": 0.0544505346967521,
      "T": 0.350207021886001
    },
    {
      "A": 0.0777994186046512,
      "C": 0.124498062015504,
      "G": 0.20621996124031,
      "T": 0.591482558139535
    },
    {
      "A": 0.0544505813953488,
      "C": 0.626505813953488,
      "G": 0.120606589147287,
      "T": 0.198437015503876
    },
    {
      "A": 0.00775193798449612,
      "C": 0.30740019379845,
      "G": 0.0388846899224806,
      "T": 0.645963178294574
    },
    {
      "A": 0.0155348837209302,
      "C": 0.315183139534884,
      "G": 0.556458333333333,
      "T": 0.112823643410853
    },
    {
      "A": 0.953395348837209,
      "C": 0.00775193798449612,
      "G": 0.0311007751937984,
      "T": 0.00775193798449612
    },
    {
      "A": 0.00775193798449612,
      "C": 0.0155348837209302,
      "G": 0.00775193798449612,
      "T": 0.968961240310078
    },
    {
      "A": 0.00775193798449612,
      "C": 0.00775193798449612,
      "G": 0.00775193798449612,
      "T": 0.976744186046512
    },
    {
      "A": 0.00775193798449612,
      "C": 0.00775193798449612,
      "G": 0.972852713178295,
      "T": 0.0116434108527132
    },
    {
      "A": 0.00775193798449612,
      "C": 0.00775193798449612,
      "G": 0.976744186046512,
      "T": 0.00775193798449612
    },
    {
      "A": 0.15562984496124,
      "C": 0.52143507751938,
      "G": 0.0466676356589147,
      "T": 0.276267441860465
    },
    {
      "A": 0.0388846899224806,
      "C": 0.39690503875969,
      "G": 0.0622335271317829,
      "T": 0.501976744186047
    },
    {
      "A": 0.322966085271318,
      "C": 0.132281007751938,
      "G": 0.428037790697674,
      "T": 0.11671511627907
    },
    {
      "A": 0.264593023255814,
      "C": 0.237352713178295,
      "G": 0.404688953488372,
      "T": 0.0933653100775194
    },
    {
      "A": 0.202328488372093,
      "C": 0.252918604651163,
      "G": 0.202328488372093,
      "T": 0.342424418604651
    }
  ],
  "ATF3_7": [
    {
      "A": 0.143533914728682,
      "C": 0.118846899224806,
      "G": 0.729867248062015,
      "T": 0.00775193798449612
    },
    {
      "A": 0.00775193798449612,
      "C": 0.00775193798449612,
      "G": 0.00775193798449612,
      "T": 0.976744186046512
    },
    {
      "A": 0.00775193798449612,
      "C": 0.970572674418605,
      "G": 0.00775193798449612,
      "T": 0.0139234496124031
    },
    {
      "A": 0.96440019379845,
      "C": 0.00775193798449612,
      "G": 0.00775193798449612,
      "T": 0.0200959302325581
    },
    {
      "A": 0.00775193798449612,
      "C": 0.847133720930233,
      "G": 0.0571269379844961,
      "T": 0.0879874031007752
    },
    {
      "A": 0.0756434108527132,
      "C": 0.0447839147286822,
      "G": 0.871820736434109,
      "T": 0.00775193798449612
    },
    {
      "A": 0.00775193798449612,
      "C": 0.00775193798449612,
      "G": 0.00775193798449612,
      "T": 0.976744186046512
    },
    {
      "A": 0.00775193798449612,
      "C": 0.00775193798449612,
      "G": 0.976744186046512,
      "T": 0.00775193798449612
    },
    {
      "A": 0.976744186046512,
      "C": 0.00775193798449612,
      "G": 0.00775193798449612,
      "T": 0.00775193798449612
    },
    {
      "A": 0.0262674418604651,
      "C": 0.711351744186047,
      "G": 0.106502906976744,
      "T": 0.155877906976744
    }
  ],
  "NFE2_8": [
    {
      "A": 0.56480523255814,
      "C": 0.0592441860465116,
      "G": 0.363517441860465,
      "T": 0.0124331395348837
    },
    {
      "A": 0.0171143410852713,
      "C": 0.00775193798449612,
      "G": 0.00775193798449612,
      "T": 0.967381782945737
    },
    {
      "A": 0.00775193798449612,
      "C": 0.00775193798449612,
      "G": 0.972062984496124,
      "T": 0.0124331395348837
    },
    {
      "A": 0.967381782945737,
      "C": 0.00775193798449612,
      "G": 0.0124331395348837,
      "T": 0.0124331395348837
    },
    {
      "A": 0.0264767441860465,
      "C": 0.719281976744186,
      "G": 0.194997093023256,
      "T": 0.0592441860465116
    },
    {
      "A": 0.0592441860465116,
      "C": 0.054562984496124,
      "G": 0.054562984496124,
      "T": 0.83162984496124
    },
    {
      "A": 0.077968992248062,
      "C": 0.906527131782946,
      "G": 0.00775193798449612,
      "T": 0.00775193798449612
    },
    {
      "A": 0.87843992248062,
      "C": 0.0264767441860465,
      "G": 0.0826501937984496,
      "T": 0.0124331395348837
    },
    {
      "A": 0.00775193798449612,
      "C": 0.00775193798449612,
      "G": 0.953338178294574,
      "T": 0.0311579457364341
    },
    {
      "A": 0.0124331395348837,
      "C": 0.962700581395349,
      "G": 0.00775193798449612,
      "T": 0.0171143410852713
    }
  ],
  "NFE2_9": [
    {
      "A": 0.173361434108527,
      "C": 0.0852713178294574,
      "G": 0.733615310077519,
      "T": 0.00775193798449612
    },
    {
      "A": 0.00775193798449612,
      "C": 0.124031007751938,
      "G": 0.00775193798449612,
      "T": 0.86046511627907
    },
    {
      "A": 0.00775193798449612,
      "C": 0.976744186046512,
      "G": 0.00775193798449612,
      "T": 0.00775193798449612
    },
    {
      "A": 0.976744186046512,
      "C": 0.00775193798449612,
      "G": 0.00775193798449612,
      "T": 0.00775193798449612
    },
    {
      "A": 0.00775193798449612,
      "C": 0.892177325581395,
      "G": 0.00775193798449612,
      "T": 0.0923187984496124
    },
    {
      "A": 0.0852713178294574,
      "C": 0.00775193798449612,
      "G": 0.89922480620155,
      "T": 0.00775193798449612
    },
    {
      "A": 0.00775193798449612,
      "C": 0.00775193798449612,
      "G": 0.00775193798449612,
      "T": 0.976744186046512
    },
    {
      "A": 0.00775193798449612,
      "C": 0.00775193798449612,
      "G": 0.976744186046512,
      "T": 0.00775193798449612
    },
    {
      "A": 0.807610465116279,
      "C": 0.0641298449612403,
      "G": 0.120507751937984,
      "T": 0.00775193798449612
    },
    {
      "A": 0.00775193798449612,
      "C": 0.772375,
      "G": 0.106412790697674,
      "T": 0.113460271317829
    }
  ],
  "BRCA1_10": [
    {
      "A": 0.043640503875969,
      "C": 0.194373062015504,
      "G": 0.0723517441860465,
      "T": 0.689634689922481
    },
    {
      "A": 0.302038759689922,
      "C": 0.596324612403101,
      "G": 0.0723517441860465,
      "T": 0.0292848837209302
    },
    {
      "A": 0.0508178294573643,
      "C": 0.0221075581395349,
      "G": 0.043640503875969,
      "T": 0.883434108527132
    },
    {
      "A": 0.00775193798449612,
      "C": 0.976744186046512,
      "G": 0.00775193798449612,
      "T": 0.00775193798449612
    },
    {
      "A": 0.043640503875969,
      "C": 0.00775193798449612,
      "G": 0.940855620155039,
      "T": 0.00775193798449612
    },
    {
      "A": 0.00775193798449612,
      "C": 0.976744186046512,
      "G": 0.00775193798449612,
      "T": 0.00775193798449612
    },
    {
      "A": 0.00775193798449612,
      "C": 0.00775193798449612,
      "G": 0.976744186046512,
      "T": 0.00775193798449612
    },
    {
      "A": 0.847546511627907,
      "C": 0.0508178294573643,
      "G": 0.0867063953488372,
      "T": 0.0149292635658915
    },
    {
      "A": 0.00775193798449612,
      "C": 0.0149292635658915,
      "G": 0.955211240310078,
      "T": 0.0221075581395349
    },
    {
      "A": 0.940855620155039,
      "C": 0.00775193798449612,
      "G": 0.043640503875969,
      "T": 0.00775193798449612
    }
  ],
  "AP1_11": [
    {
      "A": 0.118611434108527,
      "C": 0.13503488372093,
      "G": 0.196623062015504,
      "T": 0.549730620155039
    },
    {
      "A": 0.0693401162790698,
      "C": 0.623636627906977,
      "G": 0.159670542635659,
      "T": 0.147352713178295
    },
    {
      "A": 0.00775193798449612,
      "C": 0.360859496124031,
      "G": 0.0200697674418605,
      "T": 0.611318798449612
    },
    {
      "A": 0.0282810282810283,
      "C": 0.348542007456736,
      "G": 0.4676128629617,
      "T": 0.155564101300535
    },
    {
      "A": 0.976744186046512,
      "C": 0.00775193798449612,
      "G": 0.00775193798449612,
      "T": 0.00775193798449612
    },
    {
      "A": 0.00775193798449612,
      "C": 0.0159641472868217,
      "G": 0.00775193798449612,
      "T": 0.968531976744186
    },
    {
      "A": 0.00775193798449612,
      "C": 0.00775193798449612,
      "G": 0.00775193798449612,
      "T": 0.976744186046512
    },
    {
      "A": 0.00775193798449612,
      "C": 0.00775193798449612,
      "G": 0.976744186046512,
      "T": 0.00775193798449612
    },
    {
      "A": 0.00775193798449612,
      "C": 0.00775193798449612,
      "G": 0.976744186046512,
      "T": 0.00775193798449612
    },
    {
      "A": 0.122717054263566,
      "C": 0.496353682170543,
      "G": 0.0447054263565891,
      "T": 0.336223837209302
    }
  ],
  "CTCF_12": [
    {
      "A": 0.246093023255814,
      "C": 0.128875968992248,
      "G": 0.300793604651163,
      "T": 0.324237403100775
    },
    {
      "A": 0.261721899224806,
      "C": 0.187484496124031,
      "G": 0.324237403100775,
      "T": 0.226556201550388
    },
    {
      "A": 0.218742248062016,
      "C": 0.382845930232558,
      "G": 0.132782945736434,
      "T": 0.265628875968992
    },
    {
      "A": 0.367217054263566,
      "C": 0.117154069767442,
      "G": 0.15231976744186,
      "T": 0.363309108527132
    },
    {
      "A": 0.519598837209302,
      "C": 0.210927325581395,
      "G": 0.15231976744186,
      "T": 0.117154069767442
    },
    {
      "A": 0.0585455934293143,
      "C": 0.238278331301587,
      "G": 0.23437135065042,
      "T": 0.468804724618678
    },
    {
      "A": 0.593835271317829,
      "C": 0.0507315891472868,
      "G": 0.214835271317829,
      "T": 0.140597868217054
    },
    {
      "A": 0.0976182170542636,
      "C": 0.320330426356589,
      "G": 0.449268410852713,
      "T": 0.132782945736434
    },
    {
      "A": 0.0311957364341085,
      "C": 0.394567829457364,
      "G": 0.0233808139534884,
      "T": 0.550855620155039
    },
    {
      "A": 0.175762596899225,
      "C": 0.0194738372093023,
      "G": 0.664165697674419,
      "T": 0.140597868217054
    },
    {
      "A": 0.160133720930233,
      "C": 0.711053294573643,
      "G": 0.0233808139534884,
      "T": 0.105432170542636
    },
    {
      "A": 0.0116589147286822,
      "C": 0.968930232558139,
      "G": 0.00775193798449612,
      "T": 0.0116589147286822
    },
    {
      "A": 0.601651162790698,
      "C": 0.34768023255814,
      "G": 0.00775193798449612,
      "T": 0.0429166666666667
    },
    {
      "A": 0.00775193798449612,
      "C": 0.363309108527132,
      "G": 0.00775193798449612,
      "T": 0.621187015503876
    },
    {
      "A": 0.00775193798449612,
      "C": 0.961115310077519,
      "G": 0.00775193798449612,
      "T": 0.0233808139534884
    },
    {
      "A": 0.0194738372093023,
      "C": 0.0272877906976744,
      "G": 0.0233808139534884,
      "T": 0.929857558139535
    },
    {
      "A": 0.629000968992248,
      "C": 0.0390096899224806,
      "G": 0.164040697674419,
      "T": 0.167948643410853
    },
    {
      "A": 0.0468246124031008,
      "C": 0.226556201550388,
      "G": 0.675887596899225,
      "T": 0.0507315891472868
    },
    {
      "A": 0.0702674418604651,
      "C": 0.0468246124031008,
      "G": 0.0116589147286822,
      "T": 0.871249031007752
    },
    {
      "A": 0.00775193798449612,
      "C": 0.00775193798449612,
      "G": 0.968929263565891,
      "T": 0.0155668604651163
    },
    {
      "A": 0.0937112403100775,
      "C": 0.0233808139534884,
      "G": 0.750125,
      "T": 0.132782945736434
    },
    {
      "A": 0.175762428888734,
      "C": 0.378938582301728,
      "G": 0.0507315461676787,
      "T": 0.39456744264186
    }
  ],
  "CEBPB_13": [
    {
      "A": 0.501389534883721,
      "C": 0.139388565891473,
      "G": 0.35146996124031,
      "T": 0.00775193798449612
    },
    {
      "A": 0.00775193798449612,
      "C": 0.00775193798449612,
      "G": 0.00775193798449612,
      "T": 0.976744186046512
    },
    {
      "A": 0.00775193798449612,
      "C": 0.00775193798449612,
      "G": 0.00775193798449612,
      "T": 0.976744186046512
    },
    {
      "A": 0.146701550387597,
      "C": 0.00775193798449612,
      "G": 0.801228682170543,
      "T": 0.0443178294573643
    },
    {
      "A": 0.00775193798449612,
      "C": 0.654966085271318,
      "G": 0.00775193798449612,
      "T": 0.32953003875969
    },
    {
      "A": 0.322217054263566,
      "C": 0.00775193798449612,
      "G": 0.662279069767442,
      "T": 0.00775193798449612
    },
    {
      "A": 0.0114089147286822,
      "C": 0.815854651162791,
      "G": 0.00775193798449612,
      "T": 0.164984496124031
    },
    {
      "A": 0.976744186046512,
      "C": 0.00775193798449612,
      "G": 0.00775193798449612,
      "T": 0.00775193798449612
    },
    {
      "A": 0.976744186046512,
      "C": 0.00775193798449612,
      "G": 0.00775193798449612,
      "T": 0.00775193798449612
    },
    {
      "A": 0.00775193798449612,
      "C": 0.358782945736434,
      "G": 0.150358527131783,
      "T": 0.483106589147287
    }
  ],
  "ZBTB33_14": [
    {
      "A": 0.00775193798449612,
      "C": 0.00775193798449612,
      "G": 0.00775193798449612,
      "T": 0.976744186046512
    },
    {
      "A": 0.142960271317829,
      "C": 0.785198643410853,
      "G": 0.0640891472868217,
      "T": 0.00775193798449612
    },
    {
      "A": 0.00775193798449612,
      "C": 0.00775193798449612,
      "G": 0.00775193798449612,
      "T": 0.976744186046512
    },
    {
      "A": 0.00775193798449612,
      "C": 0.976744186046512,
      "G": 0.00775193798449612,
      "T": 0.00775193798449612
    },
    {
      "A": 0.0190193798449612,
      "C": 0.00775193798449612,
      "G": 0.965476744186047,
      "T": 0.00775193798449612
    },
    {
      "A": 0.00775193798449612,
      "C": 0.965476744186047,
      "G": 0.00775193798449612,
      "T": 0.0190193798449612
    },
    {
      "A": 0.00775193798449612,
      "C": 0.00775193798449612,
      "G": 0.976744186046512,
      "T": 0.00775193798449612
    },
    {
      "A": 0.976744186046512,
      "C": 0.00775193798449612,
      "G": 0.00775193798449612,
      "T": 0.00775193798449612
    },
    {
      "A": 0.00775193798449612,
      "C": 0.0640891472868217,
      "G": 0.785198643410853,
      "T": 0.142960271317829
    },
    {
      "A": 0.976744186046512,
      "C": 0.00775193798449612,
      "G": 0.00775193798449612,
      "T": 0.00775193798449612
    }
  ],
  "ETS_15": [
    {
      "A": 0.976744186046512,
      "C": 0.00775193798449612,
      "G": 0.00775193798449612,
      "T": 0.00775193798449612
    },
    {
      "A": 0.976744186046512,
      "C": 0.00775193798449612,
      "G": 0.00775193798449612,
      "T": 0.00775193798449612
    },
    {
      "A": 0.00775193798449612,
      "C": 0.976744186046512,
      "G": 0.00775193798449612,
      "T": 0.00775193798449612
    },
    {
      "A": 0.00775193798449612,
      "C": 0.00775193798449612,
      "G": 0.00775193798449612,
      "T": 0.976744186046512
    },
    {
      "A": 0.976744186046512,
      "C": 0.00775193798449612,
      "G": 0.00775193798449612,
      "T": 0.00775193798449612
    },
    {
      "A": 0.00775193798449612,
      "C": 0.976744186046512,
      "G": 0.00775193798449612,
      "T": 0.00775193798449612
    },
    {
      "A": 0.976744186046512,
      "C": 0.00775193798449612,
      "G": 0.00775193798449612,
      "T": 0.00775193798449612
    },
    {
      "A": 0.84374515503876,
      "C": 0.0837509689922481,
      "G": 0.0647519379844961,
      "T": 0.00775193798449612
    },
    {
      "A": 0.140750968992248,
      "C": 0.539748062015504,
      "G": 0.0837509689922481,
      "T": 0.23575
    },
    {
      "A": 0.00775193798449612,
      "C": 0.121750968992248,
      "G": 0.0267519379844961,
      "T": 0.84374515503876
    },
    {
      "A": 0.0647518809845531,
      "C": 0.862744300046398,
      "G": 0.00775193798449613,
      "T": 0.0647518809845531
    },
    {
      "A": 0.0267519379844961,
      "C": 0.919744186046512,
      "G": 0.0267519379844961,
      "T": 0.0267519379844961
    },
    {
      "A": 0.0267519189845151,
      "C": 0.900744262046436,
      "G": 0.0457518999845341,
      "T": 0.0267519189845151
    },
    {
      "A": 0.691746124031008,
      "C": 0.00775193798449612,
      "G": 0.25475,
      "T": 0.0457519379844961
    }
  ],
  "AP1_16": [
    {
      "A": 0.533082364341085,
      "C": 0.00775193798449612,
      "G": 0.451413759689922,
      "T": 0.00775193798449612
    },
    {
      "A": 0.00775193798449612,
      "C": 0.00775193798449612,
      "G": 0.00775193798449612,
      "T": 0.976744186046512
    },
    {
      "A": 0.00775193798449612,
      "C": 0.00775193798449612,
      "G": 0.976744186046512,
      "T": 0.00775193798449612
    },
    {
      "A": 0.976744186046512,
      "C": 0.00775193798449612,
      "G": 0.00775193798449612,
      "T": 0.00775193798449612
    },
    {
      "A": 0.0276172480620155,
      "C": 0.462449612403101,
      "G": 0.491144379844961,
      "T": 0.0187887596899225
    },
    {
      "A": 0.00775193798449612,
      "C": 0.00775193798449612,
      "G": 0.00775193798449612,
      "T": 0.976744186046512
    },
    {
      "A": 0.00775193798449612,
      "C": 0.976744186046512,
      "G": 0.00775193798449612,
      "T": 0.00775193798449612
    },
    {
      "A": 0.976744186046512,
      "C": 0.00775193798449612,
      "G": 0.00775193798449612,
      "T": 0.00775193798449612
    },
    {
      "A": 0.00775193798449612,
      "C": 0.497766472868217,
      "G": 0.00775193798449612,
      "T": 0.486729651162791
    },
    {
      "A": 0.221857558139535,
      "C": 0.422718992248062,
      "G": 0.157845930232558,
      "T": 0.197577519379845
    }
  ],
  "NRF1_17": [
    {
      "A": 0.0973226744186047,
      "C": 0.516676356589147,
      "G": 0.138036821705426,
      "T": 0.247964147286822
    },
    {
      "A": 0.382320361865685,
      "C": 0.166536662920701,
      "G": 0.162464961566046,
      "T": 0.288678013647568
    },
    {
      "A": 0.0321802325581395,
      "C": 0.642890503875969,
      "G": 0.219464147286822,
      "T": 0.10546511627907
    },
    {
      "A": 0.028108527131783,
      "C": 0.113608527131783,
      "G": 0.0199660852713178,
      "T": 0.838316860465116
    },
    {
      "A": 0.0484660852713178,
      "C": 0.00775193798449612,
      "G": 0.93603003875969,
      "T": 0.00775193798449612
    },
    {
      "A": 0.0199660852713178,
      "C": 0.940101744186047,
      "G": 0.0321802325581395,
      "T": 0.00775193798449612
    },
    {
      "A": 0.00775193798449612,
      "C": 0.00775193798449612,
      "G": 0.976744186046512,
      "T": 0.00775193798449612
    },
    {
      "A": 0.0118236434108527,
      "C": 0.956386627906977,
      "G": 0.0199660852713178,
      "T": 0.0118236434108527
    },
    {
      "A": 0.659176356589147,
      "C": 0.243892441860465,
      "G": 0.0688226744186047,
      "T": 0.0281085271317829
    },
    {
      "A": 0.056608527131783,
      "C": 0.0891802325581395,
      "G": 0.166536821705426,
      "T": 0.687674418604651
    },
    {
      "A": 0.00775193798449612,
      "C": 0.00775193798449612,
      "G": 0.972672480620155,
      "T": 0.0118236434108527
    },
    {
      "A": 0.00775193798449612,
      "C": 0.931959302325581,
      "G": 0.00775193798449612,
      "T": 0.0525368217054264
    },
    {
      "A": 0.00775193798449612,
      "C": 0.028108527131783,
      "G": 0.866816860465116,
      "T": 0.0973226744186047
    },
    {
      "A": 0.0199660852713178,
      "C": 0.84646027131783,
      "G": 0.028108527131783,
      "T": 0.10546511627907
    },
    {
      "A": 0.36603488372093,
      "C": 0.276464147286822,
      "G": 0.284606589147287,
      "T": 0.0728943798449612
    }
  ],
  "REST_18": [
    {
      "A": 0.0891802325581395,
      "C": 0.101394379844961,
      "G": 0.227607558139535,
      "T": 0.581817829457364
    },
    {
      "A": 0.0158943798449612,
      "C": 0.0973226744186047,
      "G": 0.0647519379844961,
      "T": 0.822031007751938
    },
    {
      "A": 0.0158943798449612,
      "C": 0.931959302325581,
      "G": 0.00775193798449612,
      "T": 0.0443943798449612
    },
    {
      "A": 0.976744186046512,
      "C": 0.00775193798449612,
      "G": 0.00775193798449612,
      "T": 0.00775193798449612
    },
    {
      "A": 0.0118236434108527,
      "C": 0.00775193798449612,
      "G": 0.972672480620155,
      "T": 0.00775193798449612
    },
    {
      "A": 0.0362519379844961,
      "C": 0.797602713178295,
      "G": 0.129893410852713,
      "T": 0.0362519379844961
    },
    {
      "A": 0.976744186046512,
      "C": 0.00775193798449612,
      "G": 0.00775193798449612,
      "T": 0.00775193798449612
    },
    {
      "A": 0.0118236434108527,
      "C": 0.972672480620155,
      "G": 0.00775193798449612,
      "T": 0.00775193798449612
    },
    {
      "A": 0.0281085271317829,
      "C": 0.915674418604651,
      "G": 0.0158943798449612,
      "T": 0.0403226744186046
    },
    {
      "A": 0.532962209302326,
      "C": 0.101394379844961,
      "G": 0.195035852713178,
      "T": 0.170607558139535
    },
    {
      "A": 0.0932509689922481,
      "C": 0.382320736434109,
      "G": 0.138036821705426,
      "T": 0.386391472868217
    },
    {
      "A": 0.0362519379844961,
      "C": 0.0443943798449612,
      "G": 0.903459302325581,
      "T": 0.0158943798449612
    },
    {
      "A": 0.056608527131783,
      "C": 0.0321802325581395,
      "G": 0.89124515503876,
      "T": 0.0199660852713178
    },
    {
      "A": 0.773174418604651,
      "C": 0.0891802325581395,
      "G": 0.0810368217054264,
      "T": 0.056608527131783
    },
    {
      "A": 0.0281085271317829,
      "C": 0.769103682170543,
      "G": 0.170607558139535,
      "T": 0.0321802325581395
    }
  ],
  "YY1_19": [
    {
      "A": 0.0635581395348837,
      "C": 0.058484496124031,
      "G": 0.819472868217054,
      "T": 0.058484496124031
    },
    {
      "A": 0.058484496124031,
      "C": 0.66727519379845,
      "G": 0.165023255813953,
      "T": 0.109217054263566
    },
    {
      "A": 0.159949612403101,
      "C": 0.631763565891473,
      "G": 0.154875968992248,
      "T": 0.0534108527131783
    },
    {
      "A": 0.058484496124031,
      "C": 0.0128255813953488,
      "G": 0.875279069767442,
      "T": 0.0534108527131783
    },
    {
      "A": 0.00775193798449612,
      "C": 0.976744186046512,
      "G": 0.00775193798449612,
      "T": 0.00775193798449612
    },
    {
      "A": 0.00775193798449612,
      "C": 0.976744186046512,
      "G": 0.00775193798449612,
      "T": 0.00775193798449612
    },
    {
      "A": 0.976744186046512,
      "C": 0.00775193798449612,
      "G": 0.00775193798449612,
      "T": 0.00775193798449612
    },
    {
      "A": 0.00775193798449612,
      "C": 0.00775193798449612,
      "G": 0.00775193798449612,
      "T": 0.976744186046512
    },
    {
      "A": 0.0534108983721387,
      "C": 0.449125441373503,
      "G": 0.25126865436943,
      "T": 0.246195005884928
    },
    {
      "A": 0.058484496124031,
      "C": 0.0178982558139535,
      "G": 0.00775193798449612,
      "T": 0.915865310077519
    },
    {
      "A": 0.00775193798449612,
      "C": 0.0635581395348837,
      "G": 0.00775193798449612,
      "T": 0.920937984496124
    },
    {
      "A": 0.0838507751937985,
      "C": 0.0635581395348837,
      "G": 0.641908914728682,
      "T": 0.210682170542636
    },
    {
      "A": 0.256342054263566,
      "C": 0.144729651162791,
      "G": 0.418686046511628,
      "T": 0.180242248062015
    },
    {
      "A": 0.225902131782946,
      "C": 0.220828488372093,
      "G": 0.291854651162791,
      "T": 0.261414728682171
    },
    {
      "A": 0.195462397012785,
      "C": 0.210682373473071,
      "G": 0.20560872498857,
      "T": 0.388246504525574
    },
    {
      "A": 0.286781007751938,
      "C": 0.23097480620155,
      "G": 0.291854651162791,
      "T": 0.190389534883721
    },
    {
      "A": 0.236048677909143,
      "C": 0.296927614757072,
      "G": 0.261414982345215,
      "T": 0.20560872498857
    },
    {
      "A": 0.129509689922481,
      "C": 0.210682170542636,
      "G": 0.49478488372093,
      "T": 0.165023255813953
    },
    {
      "A": 0.104143410852713,
      "C": 0.139656976744186,
      "G": 0.616542635658915,
      "T": 0.139656976744186
    },
    {
      "A": 0.124436898818915,
      "C": 0.256341805673698,
      "G": 0.484638089005322,
      "T": 0.134583206502065
    },
    {
      "A": 0.180242248062015,
      "C": 0.494785852713178,
      "G": 0.195462209302326,
      "T": 0.129509689922481
    },
    {
      "A": 0.403465689557566,
      "C": 0.165023098542793,
      "G": 0.317220620763875,
      "T": 0.114290591135765
    },
    {
      "A": 0.312147286821705,
      "C": 0.220828488372093,
      "G": 0.307074612403101,
      "T": 0.159949612403101
    }
  ],
  "RAD21_20": [
    {
      "A": 0.263565891472868,
      "C": 0.13953488372093,
      "G": 0.37984496124031,
      "T": 0.217054263565891
    },
    {
      "A": 0.282945736434108,
      "C": 0.116279069767442,
      "G": 0.445736434108527,
      "T": 0.155038759689922
    },
    {
      "A": 0.0813953488372093,
      "C": 0.794573643410853,
      "G": 0.0387596899224806,
      "T": 0.0852713178294574
    },
    {
      "A": 0.0116279069767442,
      "C": 0.972868217054264,
      "G": 0.00775193798449612,
      "T": 0.00775193798449612
    },
    {
      "A": 0.829457364341085,
      "C": 0.0116279069767442,
      "G": 0.0775193798449613,
      "T": 0.0813953488372093
    },
    {
      "A": 0.0155038759689922,
      "C": 0.643410852713178,
      "G": 0.313953488372093,
      "T": 0.0271317829457364
    },
    {
      "A": 0.166666666666667,
      "C": 0.414728682170543,
      "G": 0.0813953488372093,
      "T": 0.337209302325581
    },
    {
      "A": 0.87984496124031,
      "C": 0.0310077519379845,
      "G": 0.0542635658914729,
      "T": 0.0348837209302326
    },
    {
      "A": 0.0193798449612403,
      "C": 0.0116279069767442,
      "G": 0.957364341085271,
      "T": 0.0116279069767442
    },
    {
      "A": 0.507751937984496,
      "C": 0.0116279069767442,
      "G": 0.472868217054264,
      "T": 0.00775193798449612
    },
    {
      "A": 0.0193798449612403,
      "C": 0.0155038759689922,
      "G": 0.414728682170543,
      "T": 0.550387596899225
    },
    {
      "A": 0.0155038759689922,
      "C": 0.00775193798449612,
      "G": 0.965116279069767,
      "T": 0.0116279069767442
    },
    {
      "A": 0.0891472868217054,
      "C": 0.0348837209302326,
      "G": 0.767441860465116,
      "T": 0.108527131782946
    },
    {
      "A": 0.124031007751938,
      "C": 0.724806201550388,
      "G": 0.0232558139534884,
      "T": 0.127906976744186
    },
    {
      "A": 0.468992248062016,
      "C": 0.0310077519379845,
      "G": 0.465116279069767,
      "T": 0.0348837209302326
    },
    {
      "A": 0.0542635658914729,
      "C": 0.496124031007752,
      "G": 0.395348837209302,
      "T": 0.0542635658914729
    },
    {
      "A": 0.112403100775194,
      "C": 0.387596899224806,
      "G": 0.0503875968992248,
      "T": 0.449612403100775
    },
    {
      "A": 0.468992248062016,
      "C": 0.217054263565891,
      "G": 0.263565891472868,
      "T": 0.0503875968992248
    },
    {
      "A": 0.147286821705426,
      "C": 0.162790697674419,
      "G": 0.267441860465116,
      "T": 0.422480620155039
    },
    {
      "A": 0.387596899224806,
      "C": 0.166666666666667,
      "G": 0.151162790697674,
      "T": 0.294573643410853
    }
  ],
  "ETS_21": [
    {
      "A": 0.0864515503875969,
      "C": 0.568488372093023,
      "G": 0.204501937984496,
      "T": 0.140558139534884
    },
    {
      "A": 0.95215019379845,
      "C": 0.00775193798449612,
      "G": 0.0323459302325581,
      "T": 0.00775193798449612
    },
    {
      "A": 0.00775193798449612,
      "C": 0.942312984496124,
      "G": 0.00775193798449612,
      "T": 0.0421831395348837
    },
    {
      "A": 0.0323459302325581,
      "C": 0.00775193798449612,
      "G": 0.00775193798449612,
      "T": 0.95215019379845
    },
    {
      "A": 0.00775193798449612,
      "C": 0.00775193798449612,
      "G": 0.00775193798449612,
      "T": 0.976744186046512
    },
    {
      "A": 0.00775193798449612,
      "C": 0.976744186046512,
      "G": 0.00775193798449612,
      "T": 0.00775193798449612
    },
    {
      "A": 0.00775193798449612,
      "C": 0.976744186046512,
      "G": 0.00775193798449612,
      "T": 0.00775193798449612
    },
    {
      "A": 0.00775193798449612,
      "C": 0.00775193798449612,
      "G": 0.922637596899225,
      "T": 0.061858527131783
    },
    {
      "A": 0.00775193798449612,
      "C": 0.199583333333333,
      "G": 0.720968992248062,
      "T": 0.0716957364341085
    },
    {
      "A": 0.00775193798449612,
      "C": 0.381576550387597,
      "G": 0.160232558139535,
      "T": 0.450438953488372
    }
  ],
  "MAF_22": [
    {
      "A": 0.00775193798449612,
      "C": 0.0500658914728682,
      "G": 0.00775193798449612,
      "T": 0.93443023255814
    },
    {
      "A": 0.00775193798449612,
      "C": 0.00775193798449612,
      "G": 0.976744186046512,
      "T": 0.00775193798449612
    },
    {
      "A": 0.177007751937985,
      "C": 0.777868217054264,
      "G": 0.00775193798449612,
      "T": 0.0373720930232558
    },
    {
      "A": 0.00775193798449612,
      "C": 0.0204457364341085,
      "G": 0.00775193798449612,
      "T": 0.964050387596899
    },
    {
      "A": 0.00775193798449612,
      "C": 0.00775193798449612,
      "G": 0.976744186046512,
      "T": 0.00775193798449612
    },
    {
      "A": 0.976744186046512,
      "C": 0.00775193798449612,
      "G": 0.00775193798449612,
      "T": 0.00775193798449612
    },
    {
      "A": 0.0669912790697674,
      "C": 0.388578488372093,
      "G": 0.485901162790698,
      "T": 0.0585290697674419
    },
    {
      "A": 0.00775193798449612,
      "C": 0.00775193798449612,
      "G": 0.00775193798449612,
      "T": 0.976744186046512
    },
    {
      "A": 0.00775193798449612,
      "C": 0.976744186046512,
      "G": 0.00775193798449612,
      "T": 0.00775193798449612
    },
    {
      "A": 0.976744186046512,
      "C": 0.00775193798449612,
      "G": 0.00775193798449612,
      "T": 0.00775193798449612
    }
  ],
  "SP2_23": [
    {
      "A": 0.067484496124031,
      "C": 0.147127906976744,
      "G": 0.266592054263566,
      "T": 0.518795542635659
    },
    {
      "A": 0.113942829457364,
      "C": 0.512158914728682,
      "G": 0.113942829457364,
      "T": 0.259955426356589
    },
    {
      "A": 0.00775193798449612,
      "C": 0.638260658914729,
      "G": 0.00775193798449612,
      "T": 0.346235465116279
    },
    {
      "A": 0.00775193798449612,
      "C": 0.518795542635659,
      "G": 0.253318798449612,
      "T": 0.220133720930233
    },
    {
      "A": 0.96346996124031,
      "C": 0.00775193798449612,
      "G": 0.00775193798449612,
      "T": 0.0210261627906977
    },
    {
      "A": 0.0210261627906977,
      "C": 0.0143885658914729,
      "G": 0.0276627906976744,
      "T": 0.936922480620155
    },
    {
      "A": 0.00775193798449612,
      "C": 0.00775193798449612,
      "G": 0.00775193798449612,
      "T": 0.976744186046512
    },
    {
      "A": 0.00775193798449612,
      "C": 0.00775193798449612,
      "G": 0.976744186046512,
      "T": 0.00775193798449612
    },
    {
      "A": 0.00775193798449612,
      "C": 0.0276627906976744,
      "G": 0.956833333333333,
      "T": 0.00775193798449612
    },
    {
      "A": 0.0143885658914729,
      "C": 0.585164728682171,
      "G": 0.0608478682170543,
      "T": 0.339598837209302
    },
    {
      "A": 0.00775193798449612,
      "C": 0.452426356589147,
      "G": 0.0475736434108527,
      "T": 0.492248062015504
    }
  ],
  "IRF_24": [
    {
      "A": 0.134889407746251,
      "C": 0.420088734950025,
      "G": 0.0661666082519964,
      "T": 0.378855249051728
    },
    {
      "A": 0.670927325581395,
      "C": 0.00775193798449612,
      "G": 0.313568798449612,
      "T": 0.00775193798449612
    },
    {
      "A": 0.289515503875969,
      "C": 0.00775193798449612,
      "G": 0.547226744186047,
      "T": 0.155505813953488
    },
    {
      "A": 0.00775193798449612,
      "C": 0.976744186046512,
      "G": 0.00775193798449612,
      "T": 0.00775193798449612
    },
    {
      "A": 0.00775193798449612,
      "C": 0.976744186046512,
      "G": 0.00775193798449612,
      "T": 0.00775193798449612
    },
    {
      "A": 0.976744186046512,
      "C": 0.00775193798449612,
      "G": 0.00775193798449612,
      "T": 0.00775193798449612
    },
    {
      "A": 0.976744186046512,
      "C": 0.00775193798449612,
      "G": 0.00775193798449612,
      "T": 0.00775193798449612
    },
    {
      "A": 0.00775193798449612,
      "C": 0.00775193798449612,
